170314909012000
170314909012002
170318407002006
170314909012001
170314909012008
170318346003046
170314909012007
170314909012009
170318346003043
170318346003042
170314909012003
170314910003008
170314910003009
170315501006028
170318356002007
170317111002017
170318356002008
170318324001016
170313903002014
170318324001013
170313903002015
170315002002020
170312925002005
170318407002008
170313903002016
170315002002023
170314911003013
170312312001014
170318356002019
170312312001011
170312303001002
170318356002018
170318356002017
170312312001013
170318356002016
170318324001000
170313903002001
170318356002015
170315501006030
170318356002014
170318356002013
170313903002004
170313903002005
170317502002016
170313903002006
170318356002011
170314909012020
170314909012022
170314909012021
170314909012024
170318306001002
170318346003021
170314909012026
170318346003023
170314909012028
170318346003022
170314909012027
170318346003024
170312312001006
170315002002007
170310102021000
170316704001015
170318346003039
170314909012011
170312302001009
170314909012010
170314909012017
170314909012014
170318346003037
170318346003036
170313008002008
170311701001008
170312610001036
170314910003011
170311701001005
170312610001034
170315002002019
170314910003014
170315002002018
170312302001003
170312610001030
170312925002017
170312520002016
170312925002018
170318348002018
170312610001029
170318348002019
170312804001018
170318348002016
170315102003017
170315102003019
170318348002012
170318348002013
170318348002010
170318432002029
170318348002011
170312804001017
170312520002004
170312520002003
170312610001022
170312610001026
170312610001017
170315102003028
170318348002021
170318348002022
170315102003026
170318348002024
170318348002020
170310621003012
170312610001013
170318432002042
170312610001015
170314913002014
170314913002017
170318331001020
170315102003030
170318356002021
170318356002022
170318356002023
170318356002024
170314913002010
170314913002011
170312610001001
170314913002003
170316110001041
170316110001042
170316110001040
170316110001039
170312507003013
170316110001038
170318356002031
170318331001023
170316110001034
170316110001033
170316110001032
170314913002001
170313012002005
170314601003008
170317114002032
170317114002033
170318396002012
170317114002036
170313012002000
170316116002012
170316116002010
170314314001004
170314314001006
170314003001005
170318396002002
170314601003000
170314003001004
170314003001003
170318396002004
170318396002005
170314003001009
170318396002006
170314003001008
170318396002007
170314003001007
170314003001006
170315604001016
170314911004029
170316116002006
170318396002020
170318324002014
170312408002009
170314003001010
170314003001012
170317005012023
170314003001011
170314003001014
170314003001013
170314601003011
170314601003012
170314003001018
170318396002019
170318396002017
170318324002007
170318344002016
170318344002017
170318344002010
170318344002011
170312205002008
170318344002012
170317104005000
170318421001019
170318421001014
170318421001015
170310818001006
170318348002002
170318348002001
170318348002000
170318404001016
170318348002006
170318348002005
170318348002003
170318348002009
170318348002008
170318348002007
170314206001000
170314206001004
170314206001003
170314206001002
170314206001001
170314314003011
170312512001021
170314206001008
170318346003008
170318346003009
170318346003006
170314206001009
170318346003007
170314206001011
170314206001010
170314206001013
170314206001012
170314206001014
170312302001024
170312512001019
170318346003014
170312511001010
170312512001013
170318426002067
170318346003011
170318346003012
170318346003018
170314302004009
170318346003019
170315501006001
170315501006002
170316812002002
170317114002014
170315501006006
170316812002005
170315501006007
170316812002006
170313009002010
170316812002008
170316812002007
170314401023002
170316812002009
170313009002016
170314003001020
170318426002035
170318411003036
170314003001021
170315501006015
170315501006012
170313009002002
170316812002013
170316812002010
170316812002011
170317114002023
170316812002014
170316812002015
170312410001000
170315501006017
170318426002046
170318426002047
170314314003007
170314314003008
170315401014015
170318378001036
170318361001007
170318378001037
170316903001010
170318378001034
170318361001009
170318378001035
170318361001004
170318378001032
170318361001003
170318361001006
170318378001030
170315401014012
170318361001005
170314313013013
170314606001005
170314606001008
170314606001010
170318426002013
170318378001041
170318378001042
170318378001044
170310812012010
170316903001006
170316903001005
170314606001014
170314606001013
170318426002005
170316705001042
170310201002005
170318426002000
170317108001007
170316713001024
170316713001025
170316713001021
170316713001023
170318314001000
170318314001002
170318314001001
170316108001016
170316108001015
170316108001014
170316713001018
170316713001017
170316713001015
170316713001016
170316713001013
170316713001011
170316713001012
170316713001010
170316713001006
170316713001007
170316713001009
170312502001004
170314403005001
170316705001024
170316705001021
170318344002004
170318344002003
170318344002006
170316713001001
170316713001000
170318407003012
170316713001003
170312502001002
170318407003017
170316713001002
170316713001005
170316713001004
170318378001002
170318378001006
170318378001008
170318378001007
170316705001039
170316705001038
170318312003007
170318407003003
170318312003005
170310818001011
170312922002005
170318378001010
170312922002006
170312922002004
170318378001015
170318378001013
170312922002007
170312922002008
170318378001018
170318378001016
170314402012009
170316705001005
170316103002007
170316705001004
170316103002006
170316705001003
170318312003017
170314503003018
170312922002002
170312922002001
170312922002000
170317102002013
170317102002011
170317102002010
170318402001014
170318378001028
170318339001009
170318339001008
170318339001006
170316705001019
170318339001004
170318407003020
170318339001005
170318339001002
170318339001003
170316705001016
170318339001001
170318361001002
170318361001001
170318361001000
170312609002009
170312609002006
170312609002005
170312609002008
170312609002007
170316110001014
170316110001015
170318339001013
170312609002001
170318339001012
170316110001016
170312609002004
170318339001011
170316110001017
170314105002002
170318397002011
170316110001012
170318339001016
170310718002002
170316110001013
170310718002003
170317114003004
170316110001020
170316111002011
170316111002010
170314908005018
170316111002013
170316111002012
170316111002014
170312922002013
170312924002014
170312924002013
170312922002010
170312922002011
170316110001029
170315202002012
170312924002016
170316110001027
170315305013000
170316110001028
170316110001026
170316110001023
170316110001024
170315305013005
170316110001021
170316110001022
170316110001031
170316111002009
170316110001030
170316111002008
170316111002007
170312801001009
170316111002002
170314908005007
170316111002001
170314908005005
170316111002006
170312922002016
170316111002005
170312922002015
170317113001019
170316111002003
170314908005000
170314603022008
170312502001024
170312315006011
170314603022005
170312315006015
170312315006017
170315203001005
170313904002012
170313904002013
170317114003020
170312801001038
170318342003024
170314603022000
170316610003002
170318402001042
170318432002054
170318432002059
170316110001007
170316110001002
170312315006004
170316110001005
170312315006005
170312315006008
170312315006007
170312315006009
170313904002004
170312924002032
170318432002046
170312315006038
170312315006039
170312315006036
170317506003000
170312315006037
170316108001029
170312315006034
170316108001028
170312315006035
170312315006032
170312315006033
170312315006030
170312315006031
170318314001027
170318424003009
170318366002000
170311508003018
170314205002013
170316108001024
170318424003002
170314205002010
170314205002015
170317506003009
170316108001021
170314205002014
170312315006027
170312315006028
170318317001050
170312315006029
170312315006023
170312315006024
170312315006025
170316706002011
170318364002015
170316706002010
170312315006020
170316706002013
170312315006021
170316706002012
170316706002018
170316706002014
170316706002015
170316706002016
170316706002017
170315001003001
170318424003014
170315001003006
170318424003010
170318314001041
170317114001016
170318314001040
170318364002009
170318314001046
170312924002005
170312924002006
170318317001049
170312924002007
170318364002008
170312924002008
170316706002002
170312924002001
170318364002002
170316706002001
170318364002001
170312924002002
170316706002000
170318364002004
170312924002003
170312924002004
170317114001014
170318364002003
170316706002005
170318424003029
170316706002003
170312512002004
170318364002010
170312924002000
170318364002011
170316706002009
170314409003018
170314409003017
170315001003019
170316706002008
170314409003019
170318424003021
170318424003025
170318424003026
170318424003023
170318424003024
170314205002009
170318314001035
170318314001036
170318314001038
170312315006040
170318314001039
170317305004051
170318366002020
170318364002000
170314302003001
170314205002003
170314302003002
170314205002002
170314302003006
170318424003037
170314205002001
170314302003007
170312435002021
170312603001003
170313302002012
170312603001005
170312603001004
170316805001007
170316805001006
170316805001009
170318423002051
170316805001008
170316805001003
170316805001002
170316805001004
170316805001011
170318388002106
170316805001010
170312603001015
170312603001019
170317404003012
170312603001017
170318407001007
170312603001011
170312603001012
170312603001010
170313805001002
170313805001001
170313805001000
170312435002039
170316805001013
170318428004037
170317404003009
170318431002010
170312307003010
170312307003011
170312925001001
170312307003016
170312925001000
170318431002008
170318428004023
170312925001006
170316609003034
170312925001005
170312307003019
170318428004026
170312925001009
170312925001008
170314309002008
170318431002005
170317114001024
170314309002004
170318340001001
170312925001011
170312925001012
170312925001015
170312603001030
170312925001014
170318428004012
170314907001008
170318431002012
170318431002011
170314907001001
170318431002014
170318431002016
170318431002015
170318428004019
170311912001015
170314603013009
170314402013000
170314603013005
170318429004106
170318355001030
170312912002004
170312912002005
170318355001021
170312912002002
170318355001020
170312912002003
170312518002009
170312912002009
170312912002006
170314603013003
170312518002005
170312518002004
170318355001029
170312518002007
170314603013002
170318340001007
170314603013000
170318340001008
170312518002002
170313204001009
170316812001008
170316812001006
170314601004005
170312912002010
170312912002012
170314911005012
170312912002011
170316812001001
170316812001000
170312912002014
170312912002015
170312912002016
170316812001005
170312912002017
170316812001003
170318312001002
170315203004028
170318312001006
170318312001005
170312518002015
170312518002012
170312518002011
170315203004020
170313011002006
170315103002010
170316812001010
170312427001015
170318342003023
170315203004010
170314202001004
170316607002003
170318342003020
170316607002005
170314202001007
170315203004013
170314202001008
170318355001007
170314202001006
170315203004011
170317104004003
170316305003000
170318342003004
170315103002006
170314202001010
170314202001011
170314202001014
170314202001015
170318342003011
170314910004033
170318374002003
170314910004034
170318374002002
170318374002004
170318374002007
170318374002006
170318374002009
170312306003004
170318374002008
170318374002011
170316607002020
170314908004018
170316607002018
170314910004023
170314910004028
170312306003015
170314910004029
170318374002019
170312306003016
170318374002018
170312306003013
170312301001018
170316607002013
170317505002006
170318414001009
170317115002022
170318414001005
170318414001004
170317115002020
170318414001002
170317115002021
170318374002029
170318414001001
170318374002028
170318414001000
170318374002025
170318374002024
170318374002027
170318374002026
170317115002029
170318374002034
170312909002010
170318351003018
170312514003000
170312909002019
170312909002017
170315602003004
170312909002018
170312909002016
170312909002013
170312311001012
170314910004007
170314910004004
170312311001014
170314910004005
170314904001025
170316103003030
170314904001026
170314910004002
170314910004003
170312311001017
170314910004000
170318374002035
170317115002016
170314910004009
170313102002027
170312311001007
170312311001006
170318351003002
170312608001000
170312608001003
170312608001008
170312608001009
170313907001005
170316810001009
170316810001008
170312304002006
170316103003017
170316810001002
170312608001010
170312608001011
170316810001000
170316810001001
170316810001006
170316810001007
170312503001012
170312608001015
170316810001004
170316810001005
170312608001019
170312608001016
170316810001019
170312503001022
170316810001016
170316810001017
170316810001018
170317104003003
170316810001012
170316810001013
170316810001014
170312304002013
170312435002043
170318319002006
170312511004002
170313511001001
170316811001011
170316811001010
170318374002000
170318426004011
170318360003016
170317004013023
170312522025002
170318360003013
170318360003011
170312522025007
170318360003012
170318360003010
170314604004008
170316702001029
170314604004006
170316702001023
170316702001021
170316702001020
170316702001027
170318345001002
170316702001026
170318345001003
170316702001025
170318399002000
170318345001004
170316702001024
170312312002007
170318345001005
170312312002006
170318345001006
170318345001007
170312522025008
170318345001008
170318360003009
170318360003008
170318360003007
170312312002001
170318399002008
170318360003024
170316814001000
170312522025012
170318426004024
170316811001000
170312522025011
170316811001001
170316814001002
170316119002020
170316811001002
170318360003020
170316811001003
170318360003021
170318360003022
170316811001005
170316811001006
170316702001039
170316119002025
170312212001017
170312522025010
170312212001011
170316119002024
170316702001032
170318345001010
170318345001011
170316702001031
170316702001034
170316702001033
170316702001036
170318345001014
170318345001015
170318345001012
170316702001037
170318345001013
170316814001009
170318345001018
170316811001008
170318345001019
170316811001007
170318345001016
170316811001009
170318345001017
170316814001005
170318360003017
170316814001004
170316702001030
170312312002014
170316814001007
170318360003019
170316814001006
170312312002013
170315301002002
170315301002000
170318380002013
170316814001014
170316814001011
170315301002009
170315301002008
170314602002005
170315301002007
170318429004070
170315301002005
170315301002004
170314602002000
170318339002026
170318339002029
170318339002027
170314602002008
170316702001041
170318380002001
170318380002002
170315301002010
170318380002004
170315301002018
170315301002017
170315301002016
170314604004015
170314604004010
170312909002009
170312909002008
170315301002028
170315301002025
170312909002006
170314602002024
170312909002005
170312909002004
170314602002026
170312909002003
170314602002027
170312909002002
170312909002000
170315301002023
170315301002024
170318339002000
170318356001029
170318356001028
170318356001027
170310514002011
170318339002008
170318356001021
170314602002028
170318339002007
170318356001020
170318339002006
170312609001010
170318339002005
170318356001026
170318339002004
170318339002003
170318356001024
170318339002001
170314602002011
170315301002037
170315602003028
170315301002038
170314602002014
170318388001007
170318388001008
170315301002030
170315301002031
170317402002010
170315301002032
170315301002035
170318356001017
170318356001019
170312609001005
170318339002010
170318395001014
170318395001013
170312609001008
170318339002017
170314602002018
170318356001010
170318356001013
170318339002013
170312609001003
170318356001012
170318339002012
170312609001002
170318356001014
170316119002012
170316119002011
170316702001009
170316702001008
170316702001007
170316702001006
170315301002042
170312521023002
170318395001011
170315301002040
170318395001005
170310501001002
170312521023007
170316702001004
170316119002018
170316119002019
170316119002000
170316119002002
170316119002001
170316119002004
170316702001018
170316702001017
170316119002006
170316119002005
170316702001019
170318426004009
170314602002030
170316702001013
170316702001014
170316119002008
170316702001015
170316119002009
170316702001016
170318356001031
170318356001030
170316702001010
170316702001011
170318356001032
170316702001012
170314910002003
170314910002004
170314910002005
170318349001000
170316814002005
170318349001005
170316814002006
170318349001006
170318349001007
170318349001001
170318349001002
170314313011002
170316911001006
170315204001008
170318349001004
170316809001026
170316809001024
170316809001025
170316809001022
170316809001023
170318349001009
170316809001020
170316814002003
170318370001031
170313107001020
170318429004011
170316809001029
170314910002015
170318370001018
170316912001007
170313107001018
170314910002016
170317107001001
170316912001005
170318370001016
170314910002014
170318370001017
170317107001007
170314910002012
170314910002010
170314603023008
170318349001012
170318349001013
170314603023000
170316814002010
170312511003011
170318429004025
170318429004027
170316810003000
170316810003001
170316809001034
170316810003002
170313005001003
170318370001022
170316810003003
170313005001005
170311502003019
170316810003005
170316810003006
170316912001004
170314910002019
170313005001000
170314910002018
170316115001007
170313005001001
170314910002017
170316810003009
170318370001023
170317107001012
170316912001016
170317107001011
170316912001017
170315801002001
170316912001018
170317004022031
170318370001007
170317107001013
170318370001008
170318356001009
170318370002003
170315501002012
170312827002015
170315501002013
170318355001031
170318370002004
170318355001037
170318370002001
170318356001008
170318355001036
170312827002013
170316809001000
170316809001001
170312511003006
170318380001003
170318380001002
170312511003004
170318380001001
170316809001004
170316809001005
170316809001002
170314301022006
170318370001012
170316912001015
170318370001015
170313107001002
170316809001007
170314313011011
170314313011012
170311510024001
170312827002026
170316809001010
170316809001012
170316809001013
170312204001000
170310106001017
170316809001016
170316809001017
170318370001004
170316809001018
170314601004010
170316809001019
170318370001002
170315302002015
170318370002020
170315302002013
170315003001020
170315302002019
170314804004002
170315302002018
170315304002012
170315302002012
170310707002000
170318429004051
170318429004050
170315801002028
170318369002003
170316009001008
170318429004055
170318429004054
170318429004053
170312307003022
170318429004052
170314409002016
170318370002018
170314409002017
170318370002017
170314409002019
170318429004056
170318370002019
170318369002004
170315302002002
170318370002011
170318370002012
170314409002020
170313201001014
170318370002010
170315302002005
170318370002015
170318370002016
170318370002013
170318370002014
170315304002006
170315302002000
170315302002001
170317108004007
170318403001016
170318403001017
170318429004064
170317108004002
170316609003017
170318429004063
170317108004004
170312412002010
170315304002009
170317108004005
170318429004068
170318370002009
170318429004067
170318370002008
170314605001001
170318370002007
170318429004069
170318370002006
170315608001028
170314409002023
170314409002024
170316720003006
170318345001028
170318345001026
170318345001025
170311502003002
170318345001024
170316720003001
170318345001023
170315304002038
170311502003000
170318345001022
170318345001020
170316810003014
170316810003013
170316810003012
170316810003010
170318429004038
170318429004037
170315302002029
170312216001014
170315302002024
170316720003016
170315302002025
170315302002026
170315303002020
170315302002020
170315302002021
170318345001031
170318345001033
170316720003010
170315304002026
170318345001032
170314409002003
170318360003000
170314409002004
170314409002001
170978632013002
170318360003004
170318360003003
170318360003002
170314409002006
170316903002009
170316903002008
170316713003001
170314910002030
170318434001034
170314802001004
170318434001033
170316713003007
170316713003006
170318435001029
170312514004020
170312522021011
170312514004027
170314910002027
170314910002026
170314910002025
170314910002023
170314910002020
170310102011002
170312522021004
170312522021006
170312909004009
170312522021001
170312522021002
170312522021003
170312909004005
170318435001017
170312909004007
170312909004006
170310404021005
170312909004001
170317102001004
170317102001003
170318388002045
170314910002029
170318381001000
170318381001001
170318381001003
170318380001009
170318380001007
170318380001015
170316608003003
170318380001016
170312909004016
170312909004015
170318380001012
170312210002015
170314105001011
170312909004014
170312909004011
170316914004001
170316713003010
170316914004000
170316914004003
170318437001020
170316713003016
170318380001017
170316713003013
170316713003012
170313008001003
170312909004027
170312909004029
170318435001037
170312909004028
170318380001020
170313008001009
170318380001021
170318380001022
170312909004021
170312909004020
170314913004014
170314913004013
170314913004012
170314305001004
170313008001010
170314305001000
170315502002065
170316111003011
170315502002067
170316111003012
170314913004016
170316111003014
170314913004002
170314913004001
170314913004004
170314913004003
170314913004000
170318368002009
170315502002071
170318368002005
170318368002006
170318368002007
170318368002008
170318368002001
170318368002002
170318368002003
170318368002004
170314913004005
170318388002009
170316911002009
170316911002007
170316119001017
170316119001018
170316119001014
170318292002027
170317102001011
170316119001013
170316119001016
170316119001015
170316119001010
170316119001012
170316119001011
170316911002005
170310304002002
170318368002011
170316911002003
170316911002004
170312227001012
170312514004001
170312227001014
170318368002012
170316911002000
170318368002013
170312227001006
170315601001028
170315601001027
170312227001005
170312514004017
170315306003008
170316119001029
170316119001027
170316119001026
170315306003005
170316119001025
170315306003003
170316111003009
170316119001024
170315502002053
170316119001023
170317202001003
170315306003001
170316119001022
170316119001021
170316119001020
170316111003007
170316111003004
170316111003005
170315502002028
170315502002026
170318426001048
170312315004009
170312315004008
170312315004005
170313807001000
170312315004006
170312315004001
170310207021015
170313807001007
170313807001008
170318426001053
170310104001005
170310104001004
170316119001000
170316119001002
170318426001056
170316119001003
170316119001005
170316119001007
170316119001006
170316119001009
170316119001008
170312315004011
170318359001000
170318359001002
170318359001005
170318359001007
170318359001006
170318359001008
170312510001028
170318426001026
170314503002021
170318426001024
170318426001023
170318359001012
170316909001006
170316909001005
170316909001007
170318359001019
170318359001016
170318359001015
170318438002040
170316909001004
170312510001014
170312510001015
170318426001030
170312510001013
170318426001033
170318426001032
170312510001011
170312515003008
170314208002012
170318359001021
170313807001012
170318359001020
170312515003000
170312515003002
170313807001010
170313807001011
170316909001011
170316909001010
170313807001017
170316909001013
170318426001007
170318426001008
170318369001001
170318369001002
170318426001002
170318369001005
170318369001004
170318369001007
170312306002006
170318438002022
170318438002024
170318438002025
170318438002026
170318438002027
170315501004010
170318438002028
170316903002031
170314601002006
170312510001030
170316903002036
170316903002035
170318347002002
170312510001034
170318347002004
170318347002007
170312510001033
170318347002006
170318347002009
170318347002008
170318360002016
170318360002017
170318438002033
170318438002030
170318438002031
170318438002036
170318438002037
170318438002034
170318438002035
170316701001020
170318438002038
170317105004018
170318438002039
170318347002014
170314601002015
170318347002013
170318347002012
170316903002021
170318347002010
170318438002009
170316903002020
170314601002013
170318360002013
170318347002019
170316701001019
170316701001014
170316701001015
170318360002007
170316701001010
170318360002008
170316701001011
170316701001012
170318360002006
170316701001013
170318438002005
170318438002006
170318438002007
170314603021014
170318438002008
170314603021013
170318388002064
170318438002003
170318438002004
170316903002012
170316903002011
170318388002066
170318388002067
170316903002014
170318391001100
170316903002013
170314909021023
170318391001101
170318391001104
170316903002010
170318347002020
170318360002002
170318360002003
170316604003015
170316701001009
170316701001008
170318438002010
170316701001005
170318438002011
170316701001006
170316701001004
170316701001002
170318438002018
170316903002019
170314603021005
170318438002017
170314603021004
170318438002014
170316903002015
170318438002015
170316903002016
170318438002012
170316903002017
170318438002013
170316904003005
170310309003011
170310309003014
170312513001012
170310625001012
170318361003002
170316811005004
170316811005003
170316811005005
170312513005001
170316811005007
170316811005009
170315401013008
170316811005000
170316811005002
170315103001002
170316811005001
170312312003002
170312312003007
170312312003006
170318403002010
170314805003021
170314910005017
170314910005016
170314910005013
170314910005014
170312713001012
170315305032020
170318391001045
170312713001014
170316912003000
170316912003001
170312713001016
170316912003002
170318391001042
170316912003003
170312713001018
170316912003004
170312713001017
170316912003005
170316912003006
170312713001019
170311911006011
170314910005029
170314910005027
170312312003012
170312312003013
170314910005024
170312312003014
170314910005022
170312312003010
170312312003011
170312713001023
170316711001009
170312713001020
170316711001008
170316711001006
170316711001007
170312713001026
170312713001025
170311403022005
170311403022004
170312713001024
170316711001002
170316711001003
170316711001001
170314910005035
170314910005034
170314910005037
170314910005036
170314910005038
170316809003010
170316715001000
170316715001001
170316715001002
170314910005030
170314910005033
170316811005012
170316811005010
170316811005011
170316715001005
170316715001004
170316809003014
170312513005013
170316809003013
170312513005014
170316809003012
170316809003011
170312513005017
170316811005016
170317005011022
170316809003016
170318430002000
170316811005014
170316809003009
170311911006005
170316809003001
170316809003000
170316809003003
170316809003002
170316809003004
170316809003007
170314401014011
170312432002002
170318430002022
170318430002020
170315305011016
170315306003021
170315305011017
170315306003022
170315305011018
170315306003023
170315305011019
170315305011013
170312606001001
170315305011012
170314304004019
170314309001003
170315305011014
170312606001005
170312606001006
170312228001002
170312606001003
170312606001004
170318430002019
170312606001007
170318430002015
170318430002014
170318430002013
170318430002012
170318411002006
170312228001014
170315306003012
170315305011026
170312606001010
170312606001011
170314108001005
170318430002006
170318430002001
170315603001000
170316711001010
170318430002043
170316711001013
170316711001012
170316711001011
170316711001018
170316711001017
170316711001016
170316711001015
170315305011031
170315305032008
170315305032004
170312517001008
170312517001009
170318430002037
170318430002036
170318430002035
170312517001006
170318430002034
170312517001007
170318430002030
170318430002031
170316711001021
170318430002032
170316711001020
170316711001023
170316711001022
170316711001025
170312713001008
170316711001024
170312713001002
170312713001003
170316912003012
170312713001005
170315305011043
170314304004002
170315305011042
170315305011041
170312713001000
170314910005002
170318430002026
170315305011040
170318430002028
170314910005006
170314910005007
170318430002029
170316113003013
170314207005006
170314207005003
170318374001020
170318374001022
170314207005019
170314805003054
170318374001016
170318374001017
170318374001018
170318374001019
170318374001012
170318374001013
170314207005013
170318430002047
170318374001015
170310310002001
170318374001010
170318374001001
170318374001002
170318374001008
170318374001005
170318374001006
170318374001009
170315501003011
170315305011008
170315305011007
170315305011006
170315305011009
170315501003027
170315501003025
170315501003029
170315305011000
170315305011003
170315501003023
170315305011004
170315305011001
170315305011002
170316812003018
170316709002001
170316909002010
170316709002000
170316909002012
170316812003015
170316709002002
170316709002005
170316709002004
170316812003012
170318431001019
170316709002007
170316812003011
170316709002006
170316812003010
170318431001017
170318431001016
170318431001015
170318431001013
170314106002010
170316121001011
170316121001010
170316121001017
170316121001014
170316121001019
170316121001018
170316112001012
170316112001013
170316812003019
170318361002001
170318431001029
170318361002002
170318431001026
170318431001025
170318431001028
170316812003020
170318431001027
170318431001024
170318431001023
170316121001000
170316121001002
170316121001001
170318431001031
170316121001004
170316121001003
170316121001006
170316121001005
170316121001008
170314907002019
170316121001009
170318416001015
170318416001018
170316113001009
170311405003000
170318416001012
170318416001011
170318416001014
170318416001013
170314008002002
170314008002003
170314008002004
170318416001010
170318431001033
170314008002005
170318431001032
170314008002000
170318414002020
170314907002002
170314907002003
170314008002007
170314008002006
170314907002001
170314008002008
170318416001019
170312517001050
170318416001025
170318416001024
170318416001023
170318416001022
170316805002005
170318416001020
170316805002003
170316805002009
170316805002008
170316112001009
170316112001007
170316112001008
170316112001005
170316805002018
170317305002044
170317305002043
170310506001022
170316805002014
170316805002015
170318414002000
170316805002016
170316805002017
170318414002002
170312517001034
170318414002004
170312517001035
170316708002027
170316708002026
170315101002066
170312517001038
170316708002025
170312517001037
170318414002008
170316708002024
170318414002009
170316708002023
170312513003011
170316708002022
170318360001000
170318360001001
170312517001030
170316805002011
170316805002010
170316805002013
170316805002012
170312315005000
170312315005001
170316805002029
170312315005003
170312315005004
170316805002027
170318414002012
170312315005005
170316805002028
170312315005006
170316805002025
170318414002010
170312315005007
170316805002026
170318414002011
170316708002017
170316708002016
170312517001045
170318416001001
170312517001044
170316708002012
170318416001004
170316708002015
170312517001049
170318416001005
170312517001048
170318416001008
170312517001042
170312517001043
170312517001040
170316911004021
170316805002024
170316805002023
170316805002022
170316805002021
170316805002020
170316708002009
170313802002012
170313802002011
170318360001018
170316709002026
170318360001017
170316709002027
170318360001016
170316708002008
170316709002022
170317304004012
170312517001011
170316708002007
170316709002023
170316709002024
170312517001013
170316911004013
170316911004014
170316709002021
170312517001010
170316911004015
170316911004016
170316708002000
170317108006000
170316911004017
170316911004018
170316911004019
170313802002015
170316805002031
170316805002030
170314503001030
170316911004010
170316709002019
170316909002007
170318360001005
170316709002017
170312517001029
170312517001028
170316909002003
170316709002015
170312517001027
170318360001006
170316911004009
170316709002016
170312517001026
170318360001009
170316709002013
170318360001008
170316709002014
170312517001024
170317304004001
170316709002011
170312517001023
170316709002012
170312517001022
170316911004003
170316709002010
170312517001021
170316911004002
170312522022001
170316911004008
170316911004005
170318360001014
170312522022004
170313802002006
170313802002005
170313802002008
170313514001025
170313106003015
170313514001026
170313514001027
170313514001028
170313514001029
170318386002000
170318386002008
170313514001031
170318386002007
170313514001030
170318386002004
170313514001035
170318386002003
170313514001034
170318386002002
170318386002001
170314913003015
170318386002009
170314913003014
170318386002010
170318386002011
170314206002011
170314206002012
170312515004023
170314206002014
170314005001007
170314005001006
170314005001005
170314005001003
170312605001043
170312605001041
170310106003008
170318347001020
170312315005016
170310103001006
170312315005015
170317501004031
170315305012034
170312315005017
170317501004030
170312605001044
170312315005012
170312315005011
170312315005014
170314005001008
170314005001009
170312315005013
170314005001016
170314005001015
170312307001011
170315305012028
170312515004006
170314005001012
170314005001011
170314005001014
170314005001010
170312315005021
170312315005020
170317501004027
170317501004029
170317305002039
170315305012023
170317501004022
170312515004003
170312307001012
170316303002000
170312315005023
170317501004026
170317305002030
170315302001006
170315302001005
170315302001004
170315302001003
170318347001009
170317501004014
170318415001004
170317501004015
170318415001003
170318347001007
170318347001008
170317501004013
170318347001005
170315302001009
170318347001006
170318439004002
170318347001004
170318347001001
170317501004016
170318329002017
170318347001018
170318347001019
170317501004004
170318347001014
170318347001015
170318347001016
170316605004001
170318347001017
170317501004009
170318347001011
170318347001012
170314805001020
170315302001021
170314203001006
170314203001007
170315302001026
170314203001004
170315302001025
170314203001005
170314203001002
170314206002008
170315302001027
170314206002009
170314206002006
170314206002007
170315302001029
170313514001008
170314206002002
170314206002001
170313514001004
170314206002000
170314203001009
170313514001006
170314203001008
170312515001002
170318415001021
170312515001007
170315302001010
170313514001013
170313801001034
170313514001014
170313801001033
170313514001011
170313801001032
170316104001016
170313801001031
170314203001011
170313801001030
170315302001016
170318415001017
170318415001016
170318415001019
170313514001019
170318415001013
170313801001036
170313514001015
170318415001014
170318415001011
170318415001010
170312604001040
170313801001018
170313801001015
170313801001017
170313801001010
170313801001011
170313801001012
170315704002002
170316904001010
170314605004023
170316904001009
170317307001015
170316904001008
170316904001007
170316904001004
170317107002006
170318387001031
170313801001029
170318387001030
170313801001028
170317107002001
170317107002003
170313801001025
170313801001024
170318387001027
170318387001028
170318311002000
170315306002021
170318387001021
170313801001020
170315306002020
170313007001014
170314605004015
170312604001020
170317307001003
170312604001021
170314306002015
170315306002013
170312604001023
170311911002013
170312604001024
170312521021010
170313007001002
170312604001029
170314610001050
170312604001032
170312604001031
170312604001030
170315306002006
170313801001004
170313801001003
170313801001009
170313801001008
170313801001007
170313801001001
170313801001002
170312521021001
170312521021002
170312604001039
170316715003023
170316814004007
170317112004059
170315305012001
170316715003020
170314207002010
170315305012000
170316715003021
170314207002011
170316814004009
170315305012003
170314207002012
170316715003027
170315305012005
170314402011007
170317109001023
170317109001024
170317109001025
170312604001008
170316714001024
170316714001022
170316714001020
170315305012006
170315305012007
170315305012008
170314402011002
170318350001004
170316814004001
170315305012009
170316814004002
170316814004003
170312604001009
170315305012011
170315305012010
170316715003011
170316715003012
170315305012016
170314306002003
170316715003013
170315305012015
170316715003014
170315305012014
170318350001001
170314306002001
170316715003016
170317109001011
170317109001015
170316120002010
170316714001016
170316714001019
170317108003013
170317109001014
170316120002004
170316714001013
170316120002003
170317109001019
170316714001014
170317109001018
170316120002002
170316120002001
170316120002008
170312604001015
170316120002007
170312604001014
170316120002006
170316714001010
170312604001013
170316714001011
170316120002005
170315305012019
170316715003018
170316814004012
170314306002007
170316715003017
170316715003019
170316120002009
170316715003004
170316715003002
170316715003000
170316715003001
170316714001008
170317109001004
170317109001005
170316714001009
170312522023018
170312522023015
170317109001007
170317109001006
170316714001001
170312522023010
170316714001002
170316715003009
170316715003008
170316715003006
170314207002003
170314207002001
170310104003004
170314207002002
170314208002004
170312426001014
170314207002000
170316703001009
170314913003000
170314913003001
170316703001005
170312522023007
170316703001008
170316703001007
170316703001001
170314913003004
170316703001002
170316703001003
170316703001004
170312522023004
170310309004001
170312522023001
170316703001000
170312426001010
170314208002002
170314208002003
170314208002000
170314207002006
170314208002001
170314610001008
170314603024015
170314603024014
170314603024018
170314603024019
170314603024016
170314610001001
170314610001007
170314610001006
170314610001005
170312512003006
170312608002007
170312608002006
170312608002009
170312608002002
170312608002005
170314603024021
170312831001000
170312608002001
170316914001011
170312831001007
170316704001042
170316704001041
170317505004008
170317112004042
170314909012030
170317505004006
170314909012032
170310717001004
170312608002012
170312922003005
170316120002019
170312922003004
170312608002011
170312922003006
170312922003009
170316120002014
170316120002015
170312922003008
170316120002012
170316120002013
170316120002021
170312522012006
170312922003001
170312922003002
170312922003003
170316704001032
170316704001033
170316704001036
170312309002016
170317112004054
170312309002018
170316704001027
170316704001026
170317505004012
170317505004013
170316715003030
170316704001020
170316715003033
170316715003032
170316704001022
170316704001023
170316811004009
170316811004008
170316811004007
170316811004006
170316811004005
170316811004004
170316811004001
170316811004000
170316121001045
170316121001046
170316121001043
170316121001044
170312516002014
170315401023010
170312924001008
170312516002012
170312924001009
170312516002011
170312516002010
170314610001045
170318434001029
170314610001048
170312924001000
170312924001001
170312924001002
170312924001003
170314305002003
170314610001042
170312924001004
170318434001020
170314610001043
170312924001005
170314610001040
170314610001041
170312924001010
170317505004030
170312516002008
170312516002009
170318342001018
170312516002005
170314610001033
170314610001034
170312516002000
170314610001036
170314610001038
170314610001039
170312924001011
170314610001031
170314610001032
170318387001019
170318387001018
170312304001004
170312304001006
170316121001023
170318387001011
170316121001024
170316121001021
170318387001013
170318387001012
170318387001015
170316121001028
170318387001014
170318387001017
170316121001026
170318387001016
170314610001028
170314610001029
170316121001031
170318431001001
170316121001030
170318431001002
170314610001022
170318387001020
170316812003006
170316812003007
170314610001021
170316812003005
170316812003003
170316812003001
170313812001001
170314603024001
170315401023007
170314603024002
170318387001009
170315401023006
170318387001007
170318392001002
170315401023001
170316121001032
170318387001002
170318387001001
170316121001033
170316121001034
170318387001000
170316121001035
170318387001006
170316121001037
170314610001019
170318387001005
170316121001039
170318387001003
170316121001040
170316121001042
170316121001041
170313812001009
170313812001008
170312304001011
170315401023009
170315302004004
170310303001004
170318257001018
170312521011018
170315302004002
170315302004003
170312607001010
170316809002018
170312607001011
170313301004082
170316809002012
170316809002013
170316809002016
170310303001001
170316809002017
170311301002008
170316809002015
170310303001014
170310303001015
170312607001000
170312607001004
170315001002022
170312607001005
170312607001002
170312607001003
170312607001008
170312607001009
170312607001006
170312607001007
170316809002025
170316809002026
170310303001013
170316809002027
170316706001019
170316706001018
170312429001015
170316706001017
170316706001016
170316706001013
170314008001000
170316707002010
170316707002011
170318314002001
170316707002012
170314008001004
170314008001003
170314008001002
170314008001001
170316707002018
170316810004005
170316707002017
170314008001005
170313011001007
170316707002013
170316707002016
170316810004007
170316810004008
170316706001011
170318363001006
170316706001007
170316706001006
170316706001009
170316706001008
170318314002016
170316706001002
170316706001005
170316706001004
170314008001011
170314008001010
170314008001012
170316810004014
170316810004015
170316810004017
170314304001007
170316810004018
170312306004013
170316706001000
170316810004010
170316810004011
170316810004013
170313819002007
170318366001008
170313819001006
170313819001007
170312602001027
170314603012014
170316408001013
170313819001000
170313819001001
170318366001014
170312315002022
170318366001016
170318366001018
170314603012018
170312602001020
170312602001022
170312602001024
170312602001023
170314603012019
170315302004025
170317502004008
170314408002017
170314303003010
170314303003011
170317502004000
170312306006020
170312916001010
170317113002004
170314303003001
170318314002055
170315611001007
170315611001006
170315302004035
170315302004034
170314303003004
170314303003005
170315302004032
170311105021017
170314303003000
170315302004037
170317001002026
170317001002027
170317001002029
170312306006013
170318386001013
170318386001011
170318386001012
170312712001019
170315401022011
170312712001015
170314909024002
170312712001010
170312712001011
170312712001012
170312712001013
170312718001001
170312718001002
170312718001003
170312718001004
170312718001005
170312925004014
170318367002006
170312718001007
170312718001008
170312718001009
170317113002011
170318386001002
170317202003001
170318386001004
170318386001005
170318386001006
170312925004020
170318386001008
170318386001009
170312712001026
170312712001025
170312712001024
170317115001014
170310715001001
170312712001020
170314604003002
170310715001009
170318386001010
170312414003013
170316610004017
170312513002012
170318411001011
170316610004011
170312519001009
170312519001007
170312519001006
170312718001020
170312718001021
170312513002002
170312712001004
170312712001003
170316610004003
170318411001029
170312712001009
170312712001008
170312004011000
170312712001007
170312718001012
170312718001013
170312718001010
170312712001001
170312712001002
170312712001000
170311503001000
170312718001018
170312513002007
170312718001016
170312718001017
170313815001006
170313815001001
170313815001002
170312306004006
170318367002043
170318367002042
170316403006006
170312420001001
170312519001011
170312519001014
170315305014005
170315305014007
170315305014000
170315305014003
170314407002008
170314407002004
170312514002003
170317110003002
170318367002026
170312514002005
170318367002025
170318367002024
170318367002023
170318367002022
170318330002094
170318367002020
170318403003021
170314005002000
170312925004001
170314005002001
170314005002004
170314005002003
170317110003013
170314005002006
170314005002008
170314005002007
170315305014022
170313907002000
170318367002018
170312925004005
170318367002019
170318367002014
170318367002013
170313907002008
170318367002015
170318367002012
170315202003000
170318367002011
170315202003001
170312610002027
170312610002025
170317107004006
170315202003023
170312610002023
170312610002022
170312610002020
170315501005025
170314803002014
170314803002019
170318346002022
170318346002021
170312516001015
170318346002020
170312516001012
170315401011027
170318346002026
170318346002025
170318346002024
170314803002010
170318346002023
170314803002011
170315401011022
170315401011020
170318346002028
170312610002029
170313817001000
170312610002032
170315202003013
170312610002033
170318382002017
170312610002030
170315202003015
170312610002031
170315401011019
170318346002011
170318346002013
170315401011012
170312715001008
170312715001009
170312506002016
170318346002015
170315401011014
170318346002014
170315401011013
170318346002017
170312715001004
170312715001005
170312715001006
170318346002018
170312715001007
170312715001000
170312715001003
170316709001003
170312610002001
170316701002012
170316709001004
170316709001005
170316701002013
170316701002014
170312610002005
170316701002016
170312610002006
170318428001000
170317108002000
170316709001008
170316701002010
170318340002012
170315401021004
170312610002009
170316701002019
170312521024003
170312610002008
170312610002007
170312521024005
170312521024004
170312521024007
170312610002010
170312315001009
170312315001008
170312610002013
170312315001007
170312610002014
170312315001006
170312315001005
170316709001010
170316701002020
170314803002006
170312516001007
170312516001008
170312516001001
170312516001002
170312315001003
170312315001001
170318438001029
170315002001024
170318438001026
170315002001023
170318438001020
170312315001010
170312315001012
170311104001033
170312315001013
170318438001015
170316117002009
170318438001018
170314306001002
170315002001013
170318438001012
170318438001013
170318438001014
170316701002006
170316701002005
170315002001015
170315002001018
170316701002008
170316117002000
170316701002009
170316117002001
170316117002002
170316117002003
170316117002004
170316117002005
170316117002006
170314306001006
170316117002007
170316117002008
170317501001002
170315401011009
170315401011008
170316118002009
170315002001002
170315002001001
170312712001043
170315002001004
170312712001045
170312712001040
170315101002023
170312712001042
170312712001041
170318348001010
170318346002009
170318348001012
170318346002007
170318346002005
170315401011002
170318348001017
170316118002003
170316118002002
170316118002001
170318438001008
170316118002000
170318348001014
170315401011007
170318348001015
170315401011004
170316118002005
170315401011005
170312712001031
170312712001030
170318348001000
170318348001001
170315001001006
170318348001008
170318348001009
170318348001006
170438415042001
170310814023000
170318348001005
170317104001000
170318348001002
170318348001003
170312519004009
170318386002014
170315303001009
170318386002013
170318386002012
170312519004003
170318333001008
170312519004004
170312519004001
170316911003004
170312519004002
170312519004007
170316911003002
170312519004008
170316911003003
170316911003000
170316911003001
170312312005013
170312312005011
170312519004000
170316911003009
170315303001006
170313818001011
170315303001004
170312312005018
170315303001005
170312312005019
170312307002002
170311613004022
170315303001002
170312312005016
170312307002009
170312312005017
170314207003010
170314207003011
170314406002029
170312312005015
170314207003012
170314207003008
170314207003006
170312519004012
170314607003003
170315401021052
170314607003005
170314607003007
170313818001008
170318436001017
170313818001007
170313818001009
170314607003001
170318436001012
170314207003005
170318436001010
170314207003003
170313818001002
170314207003000
170314207003001
170313818001004
170313818001003
170316712002007
170312520001009
170316712002006
170318366001033
170318366001031
170316806001000
170316806001004
170318436001003
170316806001003
170316806001002
170318436001004
170316806001001
170318438001041
170316806001008
170318436001006
170318438001040
170316806001007
170318436001007
170318438001043
170318436001008
170318438001042
170316806001005
170315501001056
170318438001045
170312602001006
170318438001044
170312520001005
170312602001005
170318438001047
170316712002008
170312520001006
170312602001004
170316712002009
170316806001009
170312602001003
170318438001048
170312602001009
170313511003005
170318366001028
170316712002011
170317202002002
170312602001010
170312602001011
170312602001012
170318366001021
170318366001023
170317102005008
170316806001010
170316712002010
170317102005006
170318366001027
170316806001011
171978837002017
170316806001013
170316806001012
170312520001010
170315702001016
170312312005000
170315302004064
170312312005005
170318438001034
170312312005006
170312602001016
170312312005007
170315302004069
170312312005008
170312520001014
170312602001018
170318438001038
170318373002010
170318373002011
170316118001010
170316707002006
170316707002007
170316118001011
170316707002008
170316118001012
170316707002009
170317707002050
170316118001013
170316707002002
170316118001014
170316707002003
170315401021022
170316118001016
170316707002005
170318340002033
170316118001019
170318422001050
170312518001010
170316118001018
170316707002001
170318419002114
170318373002005
170317305001006
170318373002003
170318373002008
170318373002007
170316118001020
170316118001023
170318422001056
170318340002020
170316118001022
170318340002021
170318340002022
170318340002023
170316118001025
170318340002017
170318340002016
170318340002019
170318423001079
170318387004003
170318387004004
170318387004005
170318387004006
170318387004009
170315303001022
170314406002008
170318387004010
170318387004012
170318387004011
170314313022001
170317305001024
170314313022002
170314313022003
170315303001021
170318412002026
170318333001019
170316118001005
170315303001019
170318333001014
170316118001006
170316118001003
170318422001033
170316118001004
170314907003023
170316118001002
170316118001000
170315303001011
170312518001004
170318387004001
170316118001009
170312518001001
170318387004000
170316118001008
170315303001018
170316118001007
170314313022013
170312518001008
170314313022014
170317305001015
170315501001025
170315303001010
170318359003009
170318359003008
170315304001037
170318359003004
170314911001006
170314201001023
170314911001009
170314201001021
170314906001009
170318429003000
170318368001016
170318368001018
170312705001028
170318368001019
170318368001003
170318429003014
170318429003011
170318429003012
170318368001006
170318368001007
170314906001011
170318368001005
170314906001012
170318326002017
170318368001009
170314906001016
170317105003003
170314906001028
170314906001026
170314906001027
170318387004013
170314906001024
170314906001023
170314906001020
170318291002062
170315302003003
170310401002015
170314911001018
170315302003008
170314911001011
170310401002017
170314906001036
170312705001014
170312705001015
170318367001014
170318367001012
170312305001004
170318367001013
170318367001010
170313403001004
170318367001018
170312414004011
170318367001019
170318367001017
170314301012000
170312305001017
170312305001018
170316720004011
170318367001009
170316114001004
170317502001019
170316610001024
170318381002008
170313904001000
170318323001029
170312305001011
170313904001007
170312520003007
170318381002022
170318381002023
170318381002020
170318367001020
170318367001021
170318359003010
170318359003011
170318359003012
170318367001024
170312520003018
170316610001006
170316610001002
170318368001025
170318368001024
170316610001001
170318368001023
170318368001021
170318368001020
170313018032007
170315202001005
170312809001003
170312809001002
170312809001005
170312515002021
170312809001004
170312809001006
170315703002021
170317306003017
170315502001063
170318421005009
170315502001002
170315502001004
170314305003008
170315502001006
170316007002028
170315302003014
170314305003000
170315302003015
170315302003016
170315302003017
170312605001029
170315302003010
170315302003012
170312605001027
170312605001026
170312605001025
170312605001023
170312605001022
170315304001007
170318421005013
170310309002010
170314305003014
170318350003000
170316007002014
170315302003026
170315304001000
170315303003023
170315304001001
170312605001039
170312605001033
170312605001036
170315304001006
170315304001005
170312705001046
170312705001045
170312705001044
170312705001043
170312518003010
170315304001019
170314110003002
170314603011013
170314603011012
170318420001006
170312605001009
170315502001029
170312605001003
170312518003012
170312605001001
170315304001015
170312605001000
170312605001006
170312518003016
170312705001042
170312605001005
170312518003018
170312605001004
170317102004009
170317102004008
170312518003022
170318421002009
170312605001010
170316806002031
170317102004001
170316806002032
170315502001011
170318421002001
170312605001019
170315304001020
170314201001019
170312605001012
170312605001014
170315304001028
170312605001013
170314201001018
170312605001016
170314201001015
170317004021006
170312605001018
170315303003001
170317004021009
170313818002004
170313818002005
170313818002002
170318410001040
170313818002003
170313818002001
170316806002015
170316806002016
170318373001019
170316806002013
170318373001018
170316806002014
170318373001017
170313818002008
170316806002019
170318373001016
170313818002009
170318373001015
170313818002006
170316806002017
170318373001014
170318373001013
170313814001020
170318373001022
170310627003001
170313814001021
170318373001021
170316806002012
170314401011011
170316716001008
170316716001005
170316716001006
170313511002000
170316716001004
170316806002024
170316806002025
170316806002026
170316806002027
170316806002028
170316806002021
170316806002020
170316806002023
170316806002022
170314401011004
170316716001002
170312909003021
170312909003022
170318410001046
170312909003023
170316716001014
170316716001015
170318371002030
170312922001000
170312922001001
170318371002036
170318371002034
170312922001007
170318371002029
170312922001006
170318382001022
170312922001009
170318371002028
170312922001002
170312922001005
170318387003012
170318404002035
170316716001010
170316716001013
170316716001012
170313818002010
170318387003010
170316806002006
170318371002041
170318297002047
170316806002007
170312922001012
170316806002008
170316806002009
170312922001010
170318351002010
170316806002002
170314313023002
170316806002003
170314313023003
170316806002004
170318413003024
170318371002038
170316806002001
170318382001013
170316806002000
170318387003009
170318387003005
170318387003006
170318387003004
170318387003001
170311406011028
170318387003002
170312601001019
170312601001015
170314913001010
170312601001016
170312606002008
170312601001017
170312601001018
170312606002006
170312606002007
170312606002004
170312606002005
170314205001008
170317103001029
170317103001028
170314205001007
170312606002001
170318387003000
170314205001002
170318417001025
170312601001012
170312601001011
170314913001016
170312601001014
170312601001013
170317103001013
170312601001009
170312601001006
170312601001007
170312601001004
170312601001005
170312414003001
170316715001014
170318417001018
170314205001013
170318417001010
170314205001010
170316715001018
170318417001016
170318417001015
170316715001015
170314205001011
170318417001014
170312601001003
170312601001002
170312601001001
170312601001000
170313814001002
170313814001001
170313814001004
170313814001003
170314908003030
170313814001006
170313814001008
170312515002000
170313814001009
170312515002001
170318417001004
170318417001003
170312515002003
170318417001000
170312515002004
170312909003012
170312909003011
170312515002005
170312909003010
170312909003017
170312909003016
170312909003015
170317306001010
170312909003014
170314908003032
170314908003031
170315907002002
170312909003019
170313814001000
170312909003018
170313814001015
170312606002019
170313814001019
170313814001018
170313814001017
170313814001016
170312606002011
170312606002012
170312606002013
170312606002014
170312606002015
170314212001002
170316914003008
170314212001004
170312515002019
170314212001005
170312515002016
170314212001006
170312909003000
170314212001007
170314212001008
170312606002010
170312515002014
170312515002015
170312601001021
170314913001008
170314913001007
170312909003006
170314908003025
170314913001006
170312909003005
170313814001010
170314908003023
170312909003008
170313814001011
170314908003022
170312909003007
170314212001000
170314913001002
170314908003020
170314212001001
170312909003009
170312315002002
170312315002001
170316809004012
170312315002004
170316809004015
170312315002003
170316809004014
170316809004017
170316809004016
170316809004019
170316809004018
170316719001039
170316719001030
170312315002005
170316809004010
170316809004011
170316809004025
170316117001010
170316809004029
170316809004027
170317404002004
170316719001042
170312315002019
170312315002016
170312315002017
170316809004020
170314607002001
170314607002004
170314607002003
170313206001010
170314207004007
170316113002003
170314607002008
170316813001020
170316113002008
170318371001015
170314607002009
170318371001017
170316113002006
170312411002019
170314207004004
170314207004006
170314207004000
170316004002008
170314207004001
170314207004002
170316813001014
170316809004005
170316813001015
170316113002013
170316809004004
170314308001005
170316719001027
170316809004009
170310713001012
170316813001016
170316813001019
170318305003001
170318371002005
170316813001004
170316813001003
170318371002006
170318371002007
170316813001002
170318371002008
170316813001001
170318371002013
170318371002012
170316813001005
170316813001006
170315607002014
170316813001009
170318371001000
170318371001004
170317005013004
170318371002019
170318371002017
170314207004013
170314207004012
170318371002024
170314207004011
170317111003019
170318371002023
170318371002020
170314207004014
170318371001013
170318371001014
170318371001012
170318399005007
170318371001010
170318399005006
170318399005008
170316117001003
170312426003000
170316117001001
170316909005006
170316117001006
170316117001005
170317404004002
170316117001004
170317005016001
170316810004025
170314401021003
170316810004020
170314401021004
170316810004022
170316810004021
170316810004024
170318373001010
170316810004023
170318373001004
170318373001002
170317005016010
170318373001003
170317005016016
170318371002004
170318373001008
170318373001009
170318373001006
170318373001007
170317003023013
170317003023012
170312912001011
170316112002016
170312912001010
170316112002013
170316112002014
170316112002011
170316112002012
170316112002010
170318423002004
170312516003006
170312516003005
170312516003004
170316112002019
170318342004027
170316112002017
170318342004025
170316112002018
170318342004026
170318342004035
170318349002031
170318349002030
170318342004030
170314304003016
170312912001015
170312912001013
170316112002003
170318342004018
170318342004019
170314304003008
170318342004014
170316112002009
170318342004017
170318364003001
170316914005001
170314304003001
170314304003003
170314304003004
170314605007006
170318439002015
170318439002011
170318439002012
170318439002013
170318439002014
170312808001011
170317505003055
170318342004003
170318342004004
170318342004007
170318342004010
170318439002006
170316112002021
170318439002007
170314912001007
170316112002023
170318439002005
170316112002024
170316112002025
170318439002003
170316112002026
170312808001001
170312808001002
170312808001000
170312912001009
170314912001002
170312912001001
170312912001004
170312912001005
170318401002013
170318439002009
170318439002008
170317505003039
170316703002021
170316712001010
170312808001020
170317505003048
170316712001013
170316716002021
170316716002022
170316716002023
170317505003046
170316703002016
170316703002013
170316703002014
170316703002012
170316703002010
170318349002003
170318349002004
170316703002018
170318349002005
170316703002017
170318349002000
170316712001005
170317505003014
170316716002013
170316716002011
170316712001004
170316716002012
170316712001001
170316712001002
170316716002010
170316712001000
170318349002015
170318349002016
170318349002013
170318349002017
170318349002018
170316607001008
170316607001006
170317505003019
170316716002019
170316716002018
170316712001009
170316716002017
170316607001005
170316712001008
170316712001007
170310406003003
170316716002000
170310406003010
170316716002002
170317505003024
170317505003029
170316915003002
170318349002024
170318349002025
170318349002026
170316915003009
170318349002027
170318349002029
170316716002009
170312516003011
170312516003013
170318349002020
170316716002005
170316716002004
170318349002021
170316716002007
170318349002022
170316607001016
170318349002023
170312714001014
170312714001015
170312520004007
170312714001018
170317106001000
170312714001016
170312714001017
170316904002007
170312520004002
170316904002001
170318378002012
170318418002032
170318418002035
170318378002010
170318418002034
170311913011003
170318378002019
170318378002018
170318378002017
170316909004000
170312714001011
170316909004002
170318418002030
170312714001023
170312714001027
170314313021002
170314313021005
170314313021004
170313406001027
170310103002008
170316905001020
170316905001022
170318418002023
170318418002022
170318418002028
170316905001027
170318418002027
170318418002026
170317505003006
170317505003007
170314313021007
170318378002009
170317505003004
170317505003005
170314313021009
170317505003002
170317505003000
170312714001021
170316905001010
170316813002006
170316813002009
170316703002006
170315701001021
170316813002000
170316905001017
170316813002001
170316703002005
170316813002002
170316813002003
170318418002054
170316813002004
170316813002005
170316703002002
170315401012008
170315401012007
170315401012006
170315401012005
170312714001005
170312714001006
170316909004010
170312714001001
170312714001003
170312714001004
170316904002014
170316813002017
170316905001000
170312714001009
170316905001006
170316813002011
170318378002025
170318418002049
170316905001008
170316813002010
170316905001007
170318421003006
170316904002010
170318378002021
170318378002020
170316813002016
170316813002013
170316813002014
170318418002040
170316909004011
170313102001007
170312714001000
170318378002029
170315401012013
170318421003008
170317005014004
170315401012012
170315401012015
170315401012014
170314004002005
170314004002004
170318415002020
170314004002003
170318415002023
170314004002002
170318415002022
170314004002007
170314004002006
170317110002032
170316603023010
170317110002031
170314004002001
170314004002000
170318415002024
170318415002027
170318415002026
170317110002028
170317110002027
170312519003011
170317110002024
170318415002034
170318415002033
170313906002007
170318415002031
170312409001012
170318415002036
170318415002035
170317110002017
170317110002019
170317110002013
170310101002002
170318429001002
170318418002019
170318415002001
170318415002000
170318415002003
170318415002002
170314207001000
170318415002007
170314207001001
170317110002011
170318415002006
170314207001002
170318415002009
170314207001003
170318415002008
170314207001005
170312714001033
170314207001007
170314207001009
170314207001008
170317110002006
170314607001008
170314607001009
170314607001007
170316714002000
170316714002001
170314607001002
170318418002011
170316714002003
170314607001003
170314607001000
170314607001001
170316714002019
170316714002018
170314607001010
170316714002017
170318415002012
170318415002011
170318418002008
170318415002010
170318418002007
170313902001000
170318415002016
170314207001010
170318415002015
170318415002014
170318415002013
170314207001013
170314207001014
170318415002019
170314207001011
170318415002018
170314207001012
170317110002000
170318415002017
170312519003007
170312519003006
170313902001002
170318418002006
170316714002012
170312519003009
170313902001003
170314607001011
170318418002002
170313902001005
170316714002016
170316714002013
170318365001007
170314909022010
170314909022011
170314909022013
170316915002009
170318365001006
170316915002007
170316715002028
170316915002005
170314303001008
170316715002024
170314303001005
170318344003015
170316715002023
170316715002025
170314303001004
170312315003004
170316715002020
170312315003005
170312315003002
170316715002022
170316720002006
170316915002019
170318344003010
170314909022025
170316915002015
170312518005017
170314909022028
170316915002016
170314909022029
170316915002010
170314303001015
170318344003006
170314303001016
170316915002012
170318344003005
170312518005012
170318344003004
170314303001010
170316715002032
170318344003002
170314303001013
170312607002011
170312607002010
170312607002013
170318344003009
170313018033003
170312607002012
170314409001011
170314409001012
170315301001021
170314409001014
170315301001024
170312518005006
170314208001012
170314208001011
170312229001007
170314208001010
170312229001006
170314602001003
170314602001004
170314602001002
170314602001008
170312214003003
170314602001007
170314602001006
170314208001018
170314602001005
170314208001019
170314208001016
170314208001017
170313108002008
170314208001014
170316302001034
170314208001015
170314409001004
170314909022008
170314909022009
170315301001013
170314909022006
170314602001010
170314208001002
170314208001001
170314909022004
170314602001013
170314602001014
170314409001008
170315301001017
170315301001018
170312315003013
170314602001017
170314208001007
170314602001016
170314208001008
170312315003015
170314208001009
170312315003016
170312229001012
170314208001003
170312315003011
170314208001005
170314208001006
170318347003002
170313802001003
170312909001002
170318387002011
170318387002014
170312909001003
170312229001024
170318347003003
170312909001005
170318387002016
170312909001006
170314914003011
170318387002015
170312909001007
170312909001008
170318387002017
170314909022050
170318347003009
170314909022051
170318347003006
170318343002032
170314909022054
170318343002031
170318347003005
170318347003008
170312909001000
170314909022055
170318343002023
170318343002026
170313012003008
170313802001000
170313802001001
170310208014017
170312909001014
170318347003015
170318347003014
170318347003013
170318347003012
170312909001013
170318347003011
170318347003010
170312909001016
170312909001017
170317109002019
170318347003019
170312909001010
170317109002018
170318347003018
170318347003017
170318347003016
170318343002011
170317109002014
170317109002016
170312505004016
170317109002017
170317109002012
170318343002018
170317109002013
170313012003017
170312909001009
170316716003011
170318347003020
170316915002028
170316716003010
170316715002005
170314909022039
170318347003022
170316715002008
170316716003015
170318347003024
170318347003023
170316716003014
170316715002009
170314909022035
170318347003026
170316716003013
170314909022038
170318347003025
170316716003012
170318347003028
170314909022033
170312607002001
170317109002023
170312607002002
170312607002005
170312607002006
170312607002003
170312607002004
170318399001002
170316915002020
170312607002009
170316716003016
170312607002007
170316716003017
170312607002008
170316715002000
170312518003004
170316715002001
170312518003005
170317109002020
170316915002022
170312518003007
170316915002021
170316715002004
170312518003008
170318343002009
170318347003032
170318387002006
170318387002005
170318347003030
170318365002008
170318387002004
170314909022049
170318387002003
170314909022048
170314909022047
170318347003035
170318387002000
170314909022044
170314909022043
170314909022042
170318365002007
170314909022041
170318365002006
170318365002005
170318387002009
170318365002004
170318387002008
170317109002039
170316715002010
170318387002010
170316715002011
170314914003009
170314914003005
170316715002012
170316715002013
170318355002019
170318355002018
170318436002020
170314701002008
170318355002013
170318355002014
170316810002011
170318365002015
170316810002010
170318365002014
170318355002020
170316810002013
170311508002000
170318365002019
170312411001012
170318355002008
170314910001011
170318355002007
170316116001000
170314910001013
170316810002009
170316116001005
170316116001006
170316116001007
170316116001008
170318355002006
170316116001002
170317112002019
170316810002000
170315201001041
170317304002003
170316116001009
170316810002008
170316810002006
170316810002005
170316810002003
170316810002002
170318436002002
170316116001010
170316116001011
170317112001023
170318436002008
170318355002037
170316116001014
170318436002007
170318355002036
170318355002039
170318436002009
170318355002038
170318436002004
170318436002003
170310701032002
170318436002006
170318355002035
170318436002005
170317108005010
170314212002014
170314407001016
170314701002026
170312512004016
170317108005015
170318436002013
170318436002012
170318436002011
170312512004008
170314407001000
170318355002027
170318436002019
170318355002025
170318436002018
170318355002024
170318436002017
170318355002023
170318436002014
170318355002031
170314212002002
170312512004005
170314701002013
170314701002012
170315201001028
170314912001021
170316708001004
170314912001024
170312227002006
170318355002059
170316708001000
170316811002009
170314912001020
170316708001002
170317112001000
170316708001008
170315301001009
170315301001007
170313018022008
170315301001004
170314701002046
170314701002049
170314701002048
170316811002006
170315301001001
170316811002007
170318355002060
170316811002005
170316811002000
170316707001022
170316708001018
170316707001021
170314701001029
170314912001010
170316707001020
170314701001028
170316708001014
170316708001013
170312307004016
170313903001003
170317108005006
170312307004013
170314701002033
170317108005004
170312307004012
170317108005009
170315201001083
170311401001005
170316811002016
170314701001020
170314912001016
170316811002012
170318355002051
170316811002013
170316811002014
170313902002010
170316707001010
170314910001003
170312307004004
170314910001001
170312307004007
170318398001002
170314910001000
170313109003001
170314910001007
170316707001013
170316707001016
170316707001017
170316707001018
170316707001019
170313902002001
170313902002000
170312411001008
170314701001040
170316707001009
170316707001003
170315201001065
170313902002006
170314801001026
170316707001004
170313902002007
170314701002051
170316707001001
170314701002050
170313902002008
170316707001002
170314801001029
170313902002009
170316707001007
170316707001008
170316707001005
170313902002004
170312227002010
170314312002001
170312519002024
170318346004008
170312519002023
170312519002025
170312519002027
170310409001007
170316713002007
170316713002008
170318429002002
170314312002004
170314312002003
170316713002000
170314004001019
170314701001005
170314004001018
170318343001026
170316713002002
170318433001002
170314004001017
170318433001001
170314004001016
170316713002001
170314004001015
170314701001009
170314004001014
170314004001013
170316713002006
170314004001012
170314004001011
170314004001010
170317506001031
170318433001009
170317506001035
170318433001006
170314914002020
170314914002021
170314004001009
170318425001002
170314701001015
170314701001014
170314004001006
170314004001008
170316713002011
170314004001007
170316713002010
170314004001002
170317302021035
170316713002015
170314004001004
170314004001003
170318430001000
170316713002014
170315305031006
170314914002026
170317307002017
170317506001018
170318425001034
170318425001032
170318346004027
170318346004028
170316904004010
170318346004025
170318425001036
170318346004026
170314605003022
170318346004024
170318346004021
170314909011025
170318430001021
170318310001003
170318430001016
170318430001018
170318430001019
170316915001000
170314314002001
170314314002003
170314314002004
170318346004019
170314314002005
170314314002006
170318346004014
170318346004016
170318430001031
170318346004010
170318346004011
170318430001032
170318430001025
170318346004020
170318430001023
170318430001028
170311502004000
170317506001025
170314004001020
170317506001020
170318348003016
170312522024004
170318348003015
170318348003018
170318348003017
170318346004043
170312522024005
170318425001058
170312522024002
170318425001057
170314601001013
170318348003010
170318348003012
170318348003011
170318348003014
170314601001011
170318348003013
170317506004046
170314601001019
170317302021006
170318348003007
170318348003006
170318348003005
170318346004035
170318348003004
170318346004034
170318346004037
170318346004036
170318348003009
170318346004039
170318348003008
170318346004038
170317302013009
170318348003003
170314601001001
170318348003002
170316718001030
170318348003001
170316718001031
170318348003000
170316718001034
170314601001008
170314601001009
170318346004040
170316103001013
170318346004041
170317302013010
170314109002001
170317302013017
170318433001029
170318433001027
170318343001000
170318433001022
170316103001023
170318418001003
170318346004059
170318346004058
170318429002012
170318418001001
170318331003020
170318346004057
170318418001000
170318433001010
170318418001006
170318433001013
170318418001008
170312425001002
170318418001017
170318364001009
170315302005032
170318364001008
170315306001017
170317506004000
170315302005037
170315306001011
170315306001010
170315306001015
170317506004009
170315306001013
170316813003013
170316813003011
170316813003010
170317506004010
170316814003017
170316814003018
170315302005043
170317506004014
170317506004012
170317506004011
170316117003007
170316117003009
170316117003008
170316117003003
170316117003005
170316117003004
170316814003016
170316117003000
170318418001026
170318418001027
170316814003011
170316814003010
170310404012009
170318418001024
170318418001025
170316716003007
170316716003005
170317506004024
170315302005053
170316117003014
170316716003003
170316716003001
170316716003002
170316120001011
170316120001012
170318351001036
170316117003012
170316117003011
170316117003010
170316120001010
170317506004036
170317506004033
170315306001005
170317109002042
170315306001002
170314601001020
170316120001008
170314601001022
170314601001023
170316120001009
170316505003038
170314601001025
170315306001000
170316120001002
170316120001003
170316120001000
170316120001001
170316505003031
170316120001004
170313901001015
170313901001013
170313901001017
170316811003009
170312511002007
170318430001035
170317501003004
170318430001033
170316811003002
170316811003001
170316811003003
170318426003010
170316811003005
170316811003008
170317004023025
170314304002010
170310715003017
170316904004009
170310303002005
170316904004004
170316904004003
170312408001001
170312511002010
170318426003003
170318426003009
170314914002013
170314914002014
170315203002005
170314914002016
170315203002006
170316814003007
170316814003008
170315203002001
170318439001021
170318439001023
170318439001024
170316814003001
170318439001025
170316814003002
170316814003004
170316814003005
170312519002008
170312519002006
170312519002003
170312519002001
170314914002010
170317110001013
170314914002011
170313901001006
170313901001007
170314914002005
170314914002002
170313901001008
170312514001005
170314914002006
170313901001004
170312514001003
170314914002007
170318439001019
170318306003013
170318439001016
170318439001017
170312504005006
170312519002014
170312514001001
170312519002011
170312519002012
170317110001001
170316006001005
170314312001001
170310309001000
170318359002015
170312312004002
170318359002017
170318359002016
170314805002029
170318359002019
170312312004007
170318359002018
170312312004006
170312312004009
170317101001014
170317101001013
170317501003031
170317501003030
170318359002011
170317101001011
170312312004000
170312106022008
170312106022004
170312106022003
170312434001024
170318359002005
170313301002006
170318359002003
170312312004013
170314805002014
170312312004012
170312312004010
170317101001020
170314204001007
170318352001044
170318358001024
170318358001021
170318358001020
170316812004010
170314204001006
170316812004011
170314805002009
170317501003013
170314204001005
170317501003011
170314204001002
170318358001025
170318358001026
170316812004009
170318358001010
170316812004005
170318358001011
170316812004006
170317101001008
170316812004007
170316812004008
170316812004001
170316812004002
170316812004003
170317501003029
170316812004004
170317501003028
170318358001018
170317101001001
170317501003023
170318358001019
170317101001000
170317501003024
170316812004000
170318359002020
170314204001011
170317101001004
170318358001016
170317501003021
170317501003020
170318358001017
170317101001002
170314401013000
170314401013002
170314401013001
170316505003014
170318358001006
170317305003003
170318358001005
170318344001001
170315302005003
170318358001004
170315302005002
170318358001003
170315302005001
170315302005000
170318344001004
170318358001009
170318344001005
170318344001002
170310205001010
170318344001008
170318344001006
170318344001007
170318358001002
170318358001000
170315302005006
170317305003000
170315302005005
170312209012003
170314911002010
170318344001010
170317505001008
170312305002004
170310818002015
170314911002019
170312207013008
170316720001001
170316720001005
170316720001003
170316720001008
170316720001007
170318350005003
170316111001001
170316111001005
170316111001004
170316111001002
170316111001009
170313102001017
170316111001008
170313102001012
170316720001012
170315302005014
170316720001013
170316720001015
170317305003030
170316718001009
170314303002001
170316718001007
170314303002000
170316718001008
170316718001005
170314303002002
170314303002005
170316718001003
170314303002004
170316718001001
170314303002006
170316718001000
170310312002005
170317305003020
170310312002001
170316718001012
170312518004012
170316718001013
170316718001015
170317305003026
170314303002012
170316718001018
170314303002011
170317305003025
170313018012007
170318233042000
170312107003025
170316718001025
170310107021007
170312518004001
170316718001023
170316718001024
170316718001028
170312518004007
170312518004008
170312309001013
170312309001012
170312518004002
170317504001034
170316718001021
170312518004004
170312518004005
170312309001016
170316115002030
170310502002034
170318364003020
170315206001060
170318364003021
170318364003022
170318364003023
170318419002013
170316915001012
170316915001010
170312226001009
170310814031031
170313812002007
170313812002009
170313812002008
170318310001011
170318396001001
170318396001002
170313812002002
170313812002003
170318396001009
170318364003019
170316915001017
170312226001017
170315206001050
170318364003010
170318364003009
170316115002016
170318364003005
170318364003004
170316115002019
170318364003002
170318419002032
170316606002000
170315802001035
170313812002022
170313812002023
170313812002020
170313812002021
170313812002019
170313812002016
170313812002015
170313812002013
170313812002014
170313812002011
170315206001039
170313812002012
170313812002010
170318364003026
170318364003024
