170311701001,41.95277056700047,-87.79664640499965,0.0,91.0,0.0,0.0,0.0,6.69547176,27.0,0.0,7.3922216205630376
170310514002,41.93407320500046,-87.67920913199964,0.0,36.0,0.0,0.0,0.0,93.83829498,4.0,0.0,7.999356557789823
170313805001,41.8230324160005,-87.62754427299967,0.0,92.0,0.0,0.0,0.0,135.5552063,8.0,0.0,7.22668834703037
170310309004,41.97636194800049,-87.66959334099965,0.0,23.0,0.0,0.0,0.0,37.4310379,7.0,0.0,5.958344816110042
170317404002,41.68420780700046,-87.70727065199969,0.0,29.0,0.0,0.0,0.0,42.24148178,6.0,0.0,4.839183154514194
170310404012,41.9690322830005,-87.68887332099968,0.0,21.0,0.0,0.0,0.0,47.288311,4.0,0.0,5.094319572186279
170313815001,41.81068917300047,-87.62128738299964,0.0,70.0,0.0,0.0,0.0,126.71974945,3.0,0.0,5.788833942705601
170315907002,41.82797910300047,-87.66127972799967,0.0,88.0,0.0,0.0,0.0,29.57943726,14.0,0.0,0.6020009788424532
170315501001,41.653370442000494,-87.53871717199968,0.0,59.0,0.0,0.0,0.0,13.79252338,16.0,0.0,4.707486414990964
170313511003,41.82752770100046,-87.61439634899966,0.0,21.0,0.0,0.0,0.0,14.90205956,2.0,0.0,0.004042849216063127
170318426001,41.82146226800046,-87.63850912699968,0.0,88.0,0.0,0.0,0.0,0.0,22.0,0.0,3.341353383458644
170317402002,41.6986182440005,-87.71895133299967,0.0,28.0,0.0,0.0,0.0,40.48010635,2.0,0.0,1.7866061703677807
170310506001,41.95156423900045,-87.67696672899967,0.0,33.0,0.0,0.0,0.0,42.66785049,3.0,0.0,2.030760968176256
170318361002,41.79608976200046,-87.62686788299965,0.0,52.0,0.0,0.0,0.0,0.0,8.0,0.0,-1.7849624060150386
170310814023,41.89127211800047,-87.61519586099968,0.0,20.0,0.0,0.0,0.0,48.28210831,1.0,0.0,3.0987355475316205
170310103001,42.01606294900046,-87.66299865499968,0.0,39.0,0.0,0.0,0.0,25.36886597,3.0,0.0,-0.7849626774494367
170310718002,41.91168186700048,-87.64713190099968,0.0,29.0,0.0,0.0,0.0,15.93595409,4.0,0.0,0.42229776598472957
170316408001,41.77626894400049,-87.74217087899967,0.0,37.0,0.0,0.0,0.0,3.14650488,6.0,0.0,-0.6902716516873584
170317404004,41.684102950000465,-87.71052008699968,0.0,25.0,0.0,0.0,0.0,42.24148178,3.0,0.0,3.1835440567698323
170310627003,41.93857082900047,-87.66622071799969,0.0,43.0,0.0,0.0,0.0,35.34558868,4.0,0.0,0.47175896089059943
170318297002,41.50496080100049,-87.59689600899969,0.0,0.0,0.0,0.0,0.0,0.0,0.0,0.0,0.0
170438415042,41.88852120100046,-88.19623798299966,0.0,0.0,0.0,0.0,0.0,0.0,0.0,0.0,0.0
170312205002,41.927247442000464,-87.70447697699967,0.0,60.0,0.0,0.0,0.0,55.90843582,4.0,0.0,0.19892918680422067
170317306001,41.71002003600046,-87.65380051399967,0.0,58.0,0.0,0.0,0.0,14.55419922,12.0,0.0,1.9343171019408998
170315608001,41.79526908200046,-87.76507056399964,0.0,58.0,0.0,0.0,0.0,34.40184784,6.0,0.0,-0.378993361543392
170311508003,41.94687872100047,-87.74713940499964,0.0,48.0,0.0,0.0,0.0,38.36214828,6.0,0.0,1.559578115754504
170315611001,41.78903779800049,-87.76475107799968,0.0,27.0,0.0,0.0,0.0,45.59925079,1.0,0.0,1.7516306172990612
170310701032,41.92674985500048,-87.64269980899968,0.0,33.0,0.0,0.0,0.0,14.54272079,1.0,0.0,-2.5876307337529862
170315204001,41.70285057500047,-87.52920393299968,0.0,36.0,0.0,0.0,0.0,-2.5512445,3.0,0.0,-3.4268907472168797
170318432002,41.850147636000486,-87.64707719999967,0.0,212.0,0.0,0.0,0.0,0.0,43.0,0.0,0.530827067669172
170313819002,41.803908772000455,-87.61546884499967,0.0,61.0,0.0,0.0,0.0,64.54946136,3.0,0.0,0.25397368910648854
170318382002,41.87077611100045,-87.67028396599966,0.0,201.0,0.0,0.0,0.0,0.0,37.0,0.0,-2.330451127819554
170312916001,41.85829108700045,-87.69437431299968,0.0,70.0,0.0,0.0,0.0,17.76410484,6.0,0.0,-4.0214898178003144
170310501001,41.95845144000049,-87.67508763899968,0.0,49.0,0.0,0.0,0.0,55.96466064,1.0,0.0,-0.40048346354257713
170318257001,41.64275136900045,-87.54128382899967,0.0,0.0,0.0,0.0,0.0,0.0,1.0,0.0,0.7518796992481203
170311301002,41.99344106900048,-87.72634321999965,0.0,34.0,0.0,0.0,0.0,-39.54035187,10.0,0.0,-1.959979515824445
170315802001,41.824598367000476,-87.69727114999966,0.0,72.0,0.0,0.0,0.0,-8.65622711,15.0,0.0,-0.48041216465582626
170310104001,42.00468764900046,-87.65880780399965,0.0,48.0,0.0,0.0,0.0,47.67486572,2.0,0.0,-0.4166319946377559
170310309003,41.97824132000045,-87.67208342199967,0.0,34.0,0.0,0.0,0.0,37.4310379,4.0,0.0,2.052705718365682
170313903001,41.810866184000474,-87.60440614699968,0.0,69.0,0.0,0.0,0.0,78.25047302,4.0,0.0,1.3231304271142958
170315703002,41.801182379000466,-87.72648421199966,0.0,67.0,0.0,0.0,0.0,21.41047668,3.0,0.0,-5.423322510229061
170313812001,41.8067080400005,-87.61492102499966,0.0,51.0,0.0,0.0,0.0,67.09068298,1.0,0.0,0.5316341820831161
170318292002,41.50906797400046,-87.65370327599965,0.0,0.0,0.0,0.0,0.0,0.0,0.0,0.0,0.0
170313012002,41.847109325000474,-87.69098070499967,0.0,44.0,0.0,0.0,0.0,31.45898628,2.0,0.0,-1.6124104486798396
170318399005,41.82420889600047,-87.64473746999965,0.0,26.0,0.0,0.0,0.0,0.0,4.0,0.0,-0.8924812030075193
170313511002,41.82755857900048,-87.61230073599967,0.0,29.0,0.0,0.0,0.0,14.90205956,2.0,0.0,-1.1959571507839362
170318413003,41.84508709000045,-87.68477119699969,0.0,54.0,0.0,0.0,0.0,0.0,7.0,0.0,-2.83684210526316
170313819001,41.80544405800049,-87.61260710099964,0.0,57.0,0.0,0.0,0.0,64.54946136,1.0,0.0,-0.6497857093897537
170318233042,41.67718100200045,-87.68803223299966,0.0,0.0,0.0,0.0,0.0,0.0,1.0,0.0,0.7518796992481203
170310207021,41.99595189100046,-87.70682356599968,0.0,68.0,0.0,0.0,0.0,-13.73136234,15.0,0.0,-0.4424426441685603
170316911001,41.76393188200046,-87.62809391099967,0.0,113.0,0.0,0.0,0.0,-10.14814854,8.0,0.0,-12.058788379436967
170314407002,41.735613404000446,-87.61139965299964,0.0,65.0,0.0,0.0,0.0,-2.28648186,4.0,0.0,-6.995690711313167
170316004002,41.83929111200047,-87.64261381399967,0.0,43.0,0.0,0.0,0.0,23.83914566,4.0,0.0,-0.8024872207262335
170310404021,41.975611812000466,-87.67782408999966,0.0,25.0,0.0,0.0,0.0,36.65164566,2.0,0.0,1.812634886868334
170313817001,41.80916848100048,-87.62841333299968,0.0,57.0,0.0,0.0,0.0,0.0,8.0,0.0,-2.5349624060150386
170310208014,41.98774879700045,-87.69083796099966,0.0,56.0,0.0,0.0,0.0,22.28717041,4.0,0.0,-2.924356019175845
170316116002,41.796229189000485,-87.67560709999964,0.0,94.0,0.0,0.0,0.0,41.3856926,5.0,0.0,-5.757468325464826
170310502002,41.95638944700045,-87.68028421099967,0.0,92.0,0.0,0.0,0.0,34.28963089,6.0,0.0,-5.491420487789238
170312212001,41.919859810000446,-87.70530716399969,0.0,64.0,0.0,0.0,0.0,43.0182457,3.0,0.0,-2.580435575566825
170315001003,41.71795287000049,-87.60408385799968,0.0,80.0,0.0,0.0,0.0,12.86419296,5.0,0.0,-6.815995417380661
170318319002,41.946263194000494,-87.67328870899968,0.0,53.0,0.0,0.0,0.0,0.0,9.0,0.0,-1.1830827067669167
170316108001,41.81168359300045,-87.63959022699964,0.0,65.0,0.0,0.0,0.0,71.26783752,2.0,0.0,-0.35389979087252943
170311508002,41.94992198600045,-87.74723852199969,0.0,43.0,0.0,0.0,0.0,38.36214828,2.0,0.0,-0.6979406812379771
170318418001,41.75863090500047,-87.60280696599966,0.0,118.0,0.0,0.0,0.0,0.0,13.0,0.0,-7.925563909774439
170318381001,41.88323338000049,-87.66885933699967,0.0,60.0,0.0,0.0,0.0,0.0,6.0,0.0,-4.488721804511278
170318404002,41.83050842200049,-87.66716481799966,0.0,69.0,0.0,0.0,0.0,0.0,9.0,0.0,-3.583082706766919
170310303002,41.99321176500047,-87.67178382799966,0.0,43.0,0.0,0.0,0.0,-7.97815895,3.0,0.0,-5.077877950982106
170317502001,41.69376406700047,-87.66213779499964,0.0,37.0,0.0,0.0,0.0,4.54897356,2.0,0.0,-3.542478302500437
170311503001,41.96789558800049,-87.75779795299968,0.0,57.0,0.0,0.0,0.0,15.82304668,9.0,0.0,-0.030807326921956868
170318329002,41.873516905000486,-87.66176699599964,0.0,50.0,0.0,0.0,0.0,0.0,11.0,0.0,0.7706766917293226
170317707002,41.975567656000464,-87.8758190269997,0.0,7.0,0.0,0.0,0.0,24.35289764,0.0,0.0,1.646887889258029
170315501002,41.651040528000465,-87.53863420799968,0.0,42.0,0.0,0.0,0.0,13.79252338,2.0,0.0,-3.268829374482719
170315501004,41.65299018900049,-87.54594774099968,0.0,55.0,0.0,0.0,0.0,13.79252338,3.0,0.0,-4.4669496752345985
170314805002,41.72470014300046,-87.55528698499967,0.0,108.0,0.0,0.0,0.0,29.78387833,13.0,0.0,-3.127238513318182
170310104003,42.00369206300047,-87.65814180399968,0.0,77.0,0.0,0.0,0.0,47.67486572,5.0,0.0,-2.5109928968933968
170310406003,41.96680599400048,-87.68749076799969,0.0,76.0,0.0,0.0,0.0,44.41498947,9.0,0.0,0.2855207782829181
170314907001,41.7118406780005,-87.62839350499968,0.0,93.0,0.0,0.0,0.0,34.62749863,0.0,0.0,-10.11528254374308
170310409001,41.96383894900049,-87.68538305899966,0.0,50.0,0.0,0.0,0.0,42.79850006,3.0,0.0,-0.5047706409045869
171978837002,41.46502306500048,-87.63609074699968,0.0,0.0,0.0,0.0,0.0,0.0,0.0,0.0,0.0
170310310002,41.9740112930005,-87.66954379299966,0.0,54.0,0.0,0.0,0.0,29.64960861,3.0,0.0,-2.5609047992656073
170313102002,41.854207260000464,-87.64587147099968,0.0,61.0,0.0,0.0,0.0,44.58322525,3.0,0.0,-1.9571266553010425
170317304002,41.71915003100048,-87.65866830399966,0.0,109.0,0.0,0.0,0.0,6.43367195,14.0,0.0,-5.111206696683571
170317304004,41.721269582000446,-87.65203227699965,0.0,100.0,0.0,0.0,0.0,6.43367195,8.0,0.0,-8.272484892172292
170316714002,41.76935797700048,-87.67555063799966,0.0,124.0,0.0,0.0,0.0,24.62335968,7.0,0.0,-10.61000271655884
170317202002,41.712378335000494,-87.66088819599969,0.0,49.0,0.0,0.0,0.0,19.80319405,4.0,0.0,-2.1494364577140535
170315306002,41.66984922400047,-87.61818774399967,0.0,74.0,0.0,0.0,0.0,-9.57232571,7.0,0.0,-6.896900323424843
170316117001,41.79745175900047,-87.67069376999967,0.0,87.0,0.0,0.0,0.0,49.12397385,2.0,0.0,-6.1061549038293395
170312204001,41.93040894900048,-87.69760761599969,0.0,57.0,0.0,0.0,0.0,14.65225506,6.0,0.0,-2.4161021965378566
170313906002,41.80310139800048,-87.59668386199968,0.0,32.0,0.0,0.0,0.0,9.99444389,3.0,0.0,-1.4375564847584081
170316403006,41.78334116700046,-87.77500712299968,0.0,46.0,0.0,0.0,0.0,10.51097775,4.0,0.0,-2.728474807658681
170978632013,42.32409110700047,-87.87107348299969,0.0,0.0,0.0,0.0,0.0,0.0,0.0,0.0,0.0
170318403001,41.831201585000485,-87.68581808999966,0.0,83.0,0.0,0.0,0.0,0.0,16.0,0.0,-0.4199248120300769
170318306003,41.99868740900047,-87.67366665699967,0.0,85.0,0.0,0.0,0.0,0.0,6.0,0.0,-8.238721804511279
170312411001,41.9073218310005,-87.68835364099965,0.0,132.0,0.0,0.0,0.0,64.6716156,8.0,0.0,-6.623100213324006
170310304002,41.98565971000045,-87.67308705899967,0.0,43.0,0.0,0.0,0.0,8.65075111,4.0,0.0,-2.484479972664218
170313108002,41.856793121000464,-87.67044026799965,0.0,88.0,0.0,0.0,0.0,30.58291435,3.0,0.0,-7.557548681879117
170311403022,41.973491614000466,-87.71957356399969,0.0,55.0,0.0,0.0,0.0,24.65794754,0.0,0.0,-5.519330283499446
170312216001,41.92261887100045,-87.68451917799968,0.0,74.0,0.0,0.0,0.0,41.48115158,1.0,0.0,-5.754415806842689
170312408001,41.9134024220005,-87.69913323699967,0.0,52.0,0.0,0.0,0.0,25.17600441,3.0,0.0,-2.7563205467739125
170318428001,41.81116852200046,-87.68941719699967,0.0,66.0,0.0,0.0,0.0,0.0,1.0,0.0,-9.148120300751879
170312227002,41.91504903300046,-87.71023777699969,0.0,77.0,0.0,0.0,0.0,39.20365143,6.0,0.0,-2.697232166637524
170313904002,41.80230087700045,-87.60550637399967,0.0,142.0,0.0,0.0,0.0,14.03231907,7.0,0.0,-14.48287543084455
170312425001,41.90294433800045,-87.69090857799966,0.0,112.0,0.0,0.0,0.0,32.87405777,2.0,0.0,-11.655702642478285
170311911002,41.91505364200049,-87.74719030299968,0.0,89.0,0.0,0.0,0.0,-12.03159523,6.0,0.0,-10.171124377047272
170312827002,41.87387829400046,-87.69030936199965,0.0,159.0,0.0,0.0,0.0,86.86519623,10.0,0.0,-6.711579947718134
170312505004,41.915579083000466,-87.80053749399968,0.0,33.0,0.0,0.0,0.0,16.16447639,0.0,0.0,-3.1599140210409735
170312512001,41.89575292100045,-87.76380966399967,0.0,93.0,0.0,0.0,0.0,0.89939588,8.0,0.0,-7.835361533368306
170312306004,41.90897996400048,-87.73141786999969,0.0,67.0,0.0,0.0,0.0,26.73340225,2.0,0.0,-5.585730939266772
170317004022,41.73499604300048,-87.71425012899965,0.0,58.0,0.0,0.0,0.0,24.69398499,4.0,0.0,-2.9578206282566875
170312408002,41.91366060100046,-87.69921057899967,0.0,56.0,0.0,0.0,0.0,25.17600441,0.0,0.0,-5.6119596445182705
170310201002,42.01772079900047,-87.69014313399964,0.0,71.0,0.0,0.0,0.0,26.89906693,3.0,0.0,-5.415505206796059
170313109003,41.858576051000455,-87.67613033199967,0.0,99.0,0.0,0.0,0.0,31.41331291,8.0,0.0,-5.35619021221659
170310713001,41.91845619300045,-87.63895711299966,0.0,79.0,0.0,0.0,0.0,37.18681335,5.0,0.0,-3.972460490470363
170315202001,41.721367744000474,-87.53529028599968,0.0,82.0,0.0,0.0,0.0,-13.14785767,2.0,0.0,-12.252260277029782
170314303003,41.76925836100048,-87.59101862899968,0.0,104.0,0.0,0.0,0.0,43.9299736,2.0,0.0,-9.231348729964447
170310102011,42.01582990500049,-87.68168769099964,0.0,71.0,0.0,0.0,0.0,24.04618263,0.0,0.0,-7.987078335548171
170312831001,41.868512980000446,-87.66214959999968,0.0,80.0,0.0,0.0,0.0,5.8809104,4.0,0.0,-8.341217592819257
170311104001,41.97184232400048,-87.76854630199966,0.0,106.0,0.0,0.0,0.0,5.54512739,8.0,0.0,-9.270884068252025
170318311002,41.94571125200048,-87.71866671899966,0.0,55.0,0.0,0.0,0.0,0.0,1.0,0.0,-7.4981203007518795
170311502004,41.9678972260005,-87.7575780419997,0.0,97.0,0.0,0.0,0.0,24.34595871,6.0,0.0,-7.342602346039515
170315001001,41.722143229000494,-87.59681982999967,0.0,101.0,0.0,0.0,0.0,12.86419296,3.0,0.0,-11.4697548158769
170314409002,41.72509119200049,-87.60709189499966,0.0,141.0,0.0,0.0,0.0,44.27466583,3.0,0.0,-13.991297133706357
170314409003,41.72743505200049,-87.61209148699965,0.0,66.0,0.0,0.0,0.0,44.27466583,3.0,0.0,-2.7412971337063574
170318305003,41.83707297000046,-87.71150067799965,0.0,87.0,0.0,0.0,0.0,0.0,14.0,0.0,-2.5236842105263158
170313011002,41.845522652000454,-87.69647031399967,0.0,84.0,0.0,0.0,0.0,-3.01637459,5.0,0.0,-9.17464077175497
170318352001,41.79810287000049,-87.74277592299967,0.0,205.0,0.0,0.0,0.0,0.0,23.0,0.0,-13.456766917293233
170318397002,41.83205132600045,-87.64610407599969,0.0,109.0,0.0,0.0,0.0,0.0,7.0,0.0,-11.086842105263159
170318388001,41.70066992000045,-87.56071812299967,0.0,90.0,0.0,0.0,0.0,0.0,2.0,0.0,-11.996240601503759
170310103002,42.01935358300045,-87.67097031799966,0.0,113.0,0.0,0.0,0.0,25.36886597,7.0,0.0,-8.877443880456958
170316605004,41.77883048500047,-87.71064501699965,0.0,65.0,0.0,0.0,0.0,5.70559978,3.0,0.0,-6.862511535699714
170311105021,41.97007422600046,-87.76750479999964,0.0,136.0,0.0,0.0,0.0,8.29798794,16.0,0.0,-7.450989270501835
170312304001,41.911569141000484,-87.71662717999965,0.0,90.0,0.0,0.0,0.0,14.27331448,2.0,0.0,-10.415585620329894
170318414002,41.85303792700046,-87.71883292999968,0.0,134.0,0.0,0.0,0.0,0.0,9.0,0.0,-13.33308270676692
170314605004,41.741814984000484,-87.57206305499966,0.0,75.0,0.0,0.0,0.0,18.88150787,3.0,0.0,-6.903385501369703
170317502002,41.692795668000485,-87.66288800099966,0.0,60.0,0.0,0.0,0.0,4.54897356,3.0,0.0,-6.240598603252317
170314804004,41.72701968600046,-87.57304710399967,0.0,84.0,0.0,0.0,0.0,11.85000038,8.0,0.0,-5.272670005129103
170317502004,41.69324241600049,-87.67155842399967,0.0,45.0,0.0,0.0,0.0,4.54897356,3.0,0.0,-3.990598603252317
170318382001,41.87109223300047,-87.68367245999968,0.0,126.0,0.0,0.0,0.0,0.0,21.0,0.0,-3.110526315789473
170314503002,41.7414612340005,-87.57695333899966,0.0,83.0,0.0,0.0,0.0,-4.09315252,4.0,0.0,-9.895764981523579
170318291002,41.495529726000484,-87.63722689699966,0.0,0.0,0.0,0.0,0.0,0.0,0.0,0.0,0.0
170317504001,41.68812127300049,-87.68183671399964,0.0,67.0,0.0,0.0,0.0,21.68059731,3.0,0.0,-5.393408819199162
170315501005,41.682561197000496,-87.54488418399967,0.0,85.0,0.0,0.0,0.0,13.79252338,10.0,0.0,-3.703791780497756
170310401002,41.97722155000048,-87.67786326699968,0.0,59.0,0.0,0.0,0.0,42.95536423,3.0,0.0,-1.837399193507025
170312226001,41.91640987700049,-87.70527720399969,0.0,85.0,0.0,0.0,0.0,12.25525761,3.0,0.0,-9.13718951687358
170314105002,41.79858330100046,-87.60558984699969,0.0,100.0,0.0,0.0,0.0,18.02957153,6.0,0.0,-8.492091513259895
170312429001,41.89301176400045,-87.68540255599964,0.0,74.0,0.0,0.0,0.0,6.24588823,5.0,0.0,-6.648919529230053
170314805001,41.727022907000446,-87.56572011399965,0.0,72.0,0.0,0.0,0.0,29.78387833,2.0,0.0,-5.997915205047502
170316103002,41.81388214700047,-87.67113394099965,0.0,114.0,0.0,0.0,0.0,37.13499069,1.0,0.0,-12.235718230984437
170318429002,41.86678805100047,-87.66464770099964,0.0,43.0,0.0,0.0,0.0,0.0,4.0,0.0,-3.4424812030075183
170317005012,41.74511857600049,-87.68272704899965,0.0,55.0,0.0,0.0,0.0,31.2435894,1.0,0.0,-4.038143623011015
170318363001,41.80045806300046,-87.60533058399966,0.0,41.0,0.0,0.0,0.0,0.0,4.0,0.0,-3.1424812030075184
170318312001,41.913849507000464,-87.72526698899969,0.0,68.0,0.0,0.0,0.0,0.0,2.0,0.0,-8.696240601503758
170312106022,41.935066821000476,-87.71259018599966,0.0,69.0,0.0,0.0,0.0,43.73591232,6.0,0.0,-0.9953206616541364
170316909004,41.7638408520005,-87.61031420199964,0.0,115.0,0.0,0.0,0.0,19.48962784,2.0,0.0,-13.587920796409628
170315102003,41.71293571700045,-87.55976691699965,0.0,175.0,0.0,0.0,0.0,2.21810317,22.0,0.0,-9.463009499154865
170312414003,41.904230259000485,-87.67242795399966,0.0,149.0,0.0,0.0,0.0,45.44094086,5.0,0.0,-13.558382139418317
170311613004,41.942141483000455,-87.73073341399964,0.0,69.0,0.0,0.0,0.0,9.20865536,8.0,0.0,-3.3151777592819274
170310309002,41.97992134600048,-87.67211338099969,0.0,31.0,0.0,0.0,0.0,37.4310379,2.0,0.0,0.9989463198694408
170310309001,41.9829818070005,-87.66977424899966,0.0,51.0,0.0,0.0,0.0,37.4310379,5.0,0.0,0.2545854176138027
170310107021,42.010199403000456,-87.67309115199964,0.0,103.0,0.0,0.0,0.0,31.87972069,5.0,0.0,-8.160178393017429
170310717001,41.912848376000454,-87.64167654499965,0.0,34.0,0.0,0.0,0.0,16.75216675,1.0,0.0,-2.4929523328670506
170314402013,41.7470290600005,-87.60514737199969,0.0,88.0,0.0,0.0,0.0,-13.96255207,1.0,0.0,-13.994360840065282
170313102001,41.85580355600047,-87.64278945399968,0.0,58.0,0.0,0.0,0.0,44.58322525,1.0,0.0,-3.0108860537972832
170316113003,41.80362914200049,-87.66607772899965,0.0,131.0,0.0,0.0,0.0,49.5824852,2.0,0.0,-12.655378453109517
170313907001,41.80935553000046,-87.59198476799969,0.0,79.0,0.0,0.0,0.0,-4.76755667,7.0,0.0,-7.114810728740458
170316302001,41.80140980200048,-87.69030295999966,0.0,141.0,0.0,0.0,0.0,33.45581436,12.0,0.0,-8.422480778457771
170316720003,41.763119523000455,-87.67228737599964,0.0,191.0,0.0,0.0,0.0,11.06044006,8.0,0.0,-21.410107471352806
170317506003,41.692223080000474,-87.65038019399964,0.0,126.0,0.0,0.0,0.0,8.1006012,3.0,0.0,-15.747284357405139
170312301001,41.91085832400046,-87.70340358299967,0.0,120.0,0.0,0.0,0.0,53.80622864,2.0,0.0,-10.537632778690913
170317202003,41.72097306000046,-87.66909566299967,0.0,85.0,0.0,0.0,0.0,19.80319405,8.0,0.0,-4.541917660721571
170314109002,41.79801255400048,-87.58720397099967,0.0,42.0,0.0,0.0,0.0,28.16217232,2.0,0.0,-1.6775061253132835
170317104004,41.75713918000048,-87.66849751999968,0.0,57.0,0.0,0.0,0.0,-4.1372242,0.0,0.0,-9.008164363233666
170318426003,41.812431423000476,-87.64318419399967,0.0,56.0,0.0,0.0,0.0,0.0,0.0,0.0,-8.399999999999999
170318344001,41.77755163800049,-87.59701592699969,0.0,93.0,0.0,0.0,0.0,0.0,3.0,0.0,-11.69436090225564
170316909001,41.76529964000048,-87.60804766399968,0.0,84.0,0.0,0.0,0.0,19.48962784,4.0,0.0,-7.434161397913389
170316117003,41.798141977000455,-87.67316426299965,0.0,84.0,0.0,0.0,0.0,49.12397385,4.0,0.0,-4.152395505333101
170316305003,41.79627988900046,-87.68901735499969,0.0,54.0,0.0,0.0,0.0,11.32437706,4.0,0.0,-3.838397364690798
170316111001,41.80715166800047,-87.65637321099967,0.0,52.0,0.0,0.0,0.0,14.35909081,4.0,0.0,-3.2023271819665453
170318399001,41.830704323000475,-87.64239877799969,0.0,39.0,0.0,0.0,0.0,0.0,5.0,0.0,-2.090601503759398
170316112001,41.80657207000047,-87.66123353599966,0.0,68.0,0.0,0.0,0.0,26.06231499,1.0,0.0,-6.561928164539255
170316007002,41.842463344000464,-87.66285364399965,0.0,65.0,0.0,0.0,0.0,-17.1127224,6.0,0.0,-7.133818415806959
170315701001,41.81093921900049,-87.72128700799965,0.0,155.0,0.0,0.0,0.0,32.48343658,13.0,0.0,-9.878284111324824
170318403002,41.83221840700048,-87.67570043399968,0.0,78.0,0.0,0.0,0.0,0.0,6.0,0.0,-7.188721804511277
170314106002,41.7954121030005,-87.60117218599964,0.0,49.0,0.0,0.0,0.0,54.65283203,2.0,0.0,0.20612174954828877
170316812004,41.76951123000049,-87.64448396799969,0.0,87.0,0.0,0.0,0.0,1.33406615,5.0,0.0,-9.142864388587748
170312411002,41.903757199000495,-87.68952200399968,0.0,141.0,0.0,0.0,0.0,64.6716156,3.0,0.0,-11.73249870956461
170318306001,42.002590187000465,-87.67045409499968,0.0,69.0,0.0,0.0,0.0,0.0,1.0,0.0,-9.598120300751882
170312229001,41.915279489000454,-87.72161771299966,0.0,146.0,0.0,0.0,0.0,55.54424667,3.0,0.0,-13.493281536807132
170316115001,41.80531147400046,-87.67577418099967,0.0,84.0,0.0,0.0,0.0,18.18559074,3.0,0.0,-8.330452736142684
170312107003,41.933908430000486,-87.70476098199964,0.0,85.0,0.0,0.0,0.0,15.62501621,2.0,0.0,-9.515895506265664
170317505002,41.68432018800047,-87.68089628299964,0.0,41.0,0.0,0.0,0.0,-16.73883438,2.0,0.0,-6.499932116453926
170318402001,41.847126629000456,-87.64674359299966,0.0,180.0,0.0,0.0,0.0,0.0,20.0,0.0,-11.962406015037594
170316120001,41.79938989700048,-87.65259718399966,0.0,84.0,0.0,0.0,0.0,-0.58677006,4.0,0.0,-9.657461276097221
170312432002,41.892397506000464,-87.67014054999964,0.0,148.0,0.0,0.0,0.0,71.58094788,6.0,0.0,-9.76170653540829
170316104001,41.80926149700048,-87.66980420799968,0.0,129.0,0.0,0.0,0.0,24.18485451,4.0,0.0,-13.664202741213499
170317305001,41.718705497000485,-87.63392985399969,0.0,67.0,0.0,0.0,0.0,6.84062862,2.0,0.0,-7.788695903829341
170317305002,41.707993246000456,-87.63469434199965,0.0,91.0,0.0,0.0,0.0,6.84062862,1.0,0.0,-12.14057560307746
170316118002,41.797251263000476,-87.66706408199968,0.0,77.0,0.0,0.0,0.0,19.39045525,1.0,0.0,-8.650783063764063
170311405003,41.96432490100045,-87.72795818899965,0.0,80.0,0.0,0.0,0.0,9.18812943,4.0,0.0,-7.974969638223465
170314911003,41.6932512730005,-87.63342791799965,0.0,84.0,0.0,0.0,0.0,0.38777146,2.0,0.0,-11.05329802564551
170318428004,41.80566058900047,-87.70444892099965,0.0,218.0,0.0,0.0,0.0,0.0,23.0,0.0,-15.406766917293236
170312227001,41.91570929000045,-87.70864762799965,0.0,49.0,0.0,0.0,0.0,39.20365143,1.0,0.0,-2.256630662878125
170317001002,41.7535025790005,-87.69734028699969,0.0,204.0,0.0,0.0,0.0,19.42296028,26.0,0.0,-8.900190911464707
170312519001,41.88139874100045,-87.76015620599969,0.0,114.0,0.0,0.0,0.0,-5.13370752,1.0,0.0,-16.916637191117328
170317115001,41.7347791520005,-87.63630737599965,0.0,124.0,0.0,0.0,0.0,33.97094727,1.0,0.0,-14.086110636300052
170316712002,41.77506672400045,-87.66893336399966,0.0,128.0,0.0,0.0,0.0,20.65861893,2.0,0.0,-15.408464418779511
170312307001,41.90815190800049,-87.72014955999964,0.0,104.0,0.0,0.0,0.0,6.92865181,2.0,0.0,-13.328948042256807
170316809003,41.77315119400049,-87.63878667499966,0.0,127.0,0.0,0.0,0.0,48.77373886,1.0,0.0,-12.896820316255752
170311911006,41.91601349300049,-87.75500968699964,0.0,62.0,0.0,0.0,0.0,-12.03159523,1.0,0.0,-9.880522873287873
170313902001,41.81399233100046,-87.59813419499966,0.0,112.0,0.0,0.0,0.0,64.27897644,2.0,0.0,-8.177860043364221
170313902002,41.81270105700048,-87.60167324199966,0.0,102.0,0.0,0.0,0.0,64.27897644,2.0,0.0,-6.677860043364223
170317004021,41.74013034800049,-87.71431685399966,0.0,77.0,0.0,0.0,0.0,24.69398499,3.0,0.0,-6.559700327504809
170312303001,41.913542821000476,-87.71550956999965,0.0,72.0,0.0,0.0,0.0,14.83803558,2.0,0.0,-7.65304729253366
170317501003,41.69490328800049,-87.65605979099968,0.0,114.0,0.0,0.0,0.0,4.47122955,8.0,0.0,-10.589809631928661
170314909024,41.70738365200049,-87.60798083199967,0.0,97.0,0.0,0.0,0.0,8.47916508,6.0,0.0,-9.099722349361775
170314904001,41.72298439600047,-87.60614985699965,0.0,113.0,0.0,0.0,0.0,24.11620712,8.0,0.0,-8.264286091507842
170317501001,41.69908952800046,-87.64382716699964,0.0,95.0,0.0,0.0,0.0,4.47122955,8.0,0.0,-7.739809631928659
170314909021,41.70003785600045,-87.61328132799969,0.0,85.0,0.0,0.0,0.0,8.47916508,6.0,0.0,-7.299722349361777
170318411003,41.84693024800049,-87.63216360699965,0.0,99.0,0.0,0.0,0.0,0.0,16.0,0.0,-2.8199248120300773
170315203002,41.70370835500046,-87.53889609999965,0.0,102.0,0.0,0.0,0.0,20.31145477,8.0,0.0,-7.035631866701637
170312306003,41.90675145200049,-87.73126346299966,0.0,85.0,0.0,0.0,0.0,26.73340225,3.0,0.0,-7.5338512400186515
170318356001,41.8032293010005,-87.63325728599966,0.0,104.0,0.0,0.0,0.0,0.0,13.0,0.0,-5.825563909774438
170314604004,41.73723812100047,-87.56436120399968,0.0,120.0,0.0,0.0,0.0,12.24481583,2.0,0.0,-15.140225559421811
170314801001,41.735212410000486,-87.56712437499965,0.0,103.0,0.0,0.0,0.0,36.82278824,3.0,0.0,-9.11653274721688
170315304002,41.67314935900049,-87.65647691699968,0.0,100.0,0.0,0.0,0.0,10.59207153,5.0,0.0,-10.067614623360727
170316716003,41.773740105000456,-87.66286747199968,0.0,180.0,0.0,0.0,0.0,-16.251894,5.0,0.0,-25.04036828116804
170316116001,41.7989036350005,-87.67529022199966,0.0,142.0,0.0,0.0,0.0,41.3856926,6.0,0.0,-12.205588626216702
170318369002,41.88182142800048,-87.70949299799969,0.0,146.0,0.0,0.0,0.0,0.0,4.0,0.0,-18.892481203007517
170318369001,41.88191286500046,-87.70242069699964,0.0,183.0,0.0,0.0,0.0,0.0,2.0,0.0,-25.946240601503764
170316716001,41.772277859000496,-87.65990149799967,0.0,125.0,0.0,0.0,0.0,-16.251894,1.0,0.0,-19.797887078160517
170314303002,41.7696333720005,-87.58770988999964,0.0,131.0,0.0,0.0,0.0,43.9299736,4.0,0.0,-11.777589331468203
170313018022,41.8467370890005,-87.72466838199966,0.0,131.0,0.0,0.0,0.0,-17.62498474,1.0,0.0,-20.849945853354313
170314403005,41.75025199200047,-87.62449418299968,0.0,117.0,0.0,0.0,0.0,22.49998665,7.0,0.0,-9.795149231509
170314304001,41.7651519260005,-87.58748548699964,0.0,128.0,0.0,0.0,0.0,-12.4734211,4.0,0.0,-17.5738124433176
170314701002,41.726920590000475,-87.59370751799969,0.0,133.0,0.0,0.0,0.0,0.27220255,7.0,0.0,-14.656697858308565
170312427001,41.896349804000465,-87.69673764399965,0.0,156.0,0.0,0.0,0.0,3.0275948,7.0,0.0,-17.801560289094827
170317302021,41.72576372000049,-87.64907619899964,0.0,121.0,0.0,0.0,0.0,-0.23817047,2.0,0.0,-16.672616068834877
170315001002,41.71479246300049,-87.60139899999967,0.0,62.0,0.0,0.0,0.0,12.86419296,1.0,0.0,-7.123514214373143
170314910001,41.706182974000455,-87.62679989899965,0.0,117.0,0.0,0.0,0.0,-17.19540596,2.0,0.0,-17.950493753220258
170312506002,41.90211812600046,-87.77014145199968,0.0,134.0,0.0,0.0,0.0,-24.38320351,5.0,0.0,-19.040845524800375
170311401001,41.968930026000464,-87.70355994199969,0.0,75.0,0.0,0.0,0.0,-6.21041441,1.0,0.0,-11.185873834528183
170314601003,41.747730799000465,-87.55397338299969,0.0,86.0,0.0,0.0,0.0,1.99305654,2.0,0.0,-11.17552559153698
170310312002,41.971906212000476,-87.65753928999965,0.0,120.0,0.0,0.0,0.0,25.85308456,4.0,0.0,-12.1294596570496
170318378002,41.88501365500048,-87.67694950799967,0.0,212.0,0.0,0.0,0.0,0.0,5.0,0.0,-28.040601503759397
170318365001,41.82892219100046,-87.60797847799967,0.0,94.0,0.0,0.0,0.0,0.0,0.0,0.0,-14.100000000000001
170312214003,41.91902900100047,-87.69364536999967,0.0,85.0,0.0,0.0,0.0,19.00074387,7.0,0.0,-5.382662274698374
170318365002,41.82762886900048,-87.60714312399966,0.0,104.0,0.0,0.0,0.0,0.0,5.0,0.0,-11.8406015037594
170312004011,41.91983906900049,-87.73642683799966,0.0,91.0,0.0,0.0,0.0,6.51889753,2.0,0.0,-11.424325038934544
170314204001,41.78578133500048,-87.60448307099966,0.0,163.0,0.0,0.0,0.0,100.56390381,12.0,0.0,-4.290798668823223
170313807001,41.812919991000456,-87.62133693099969,0.0,151.0,0.0,0.0,0.0,80.54464722,4.0,0.0,-10.722808199685257
170314603012,41.73734758800049,-87.55582049099968,0.0,110.0,0.0,0.0,0.0,17.11229515,6.0,0.0,-10.093672507722795
170318387003,41.86462172400047,-87.72385429199966,0.0,206.0,0.0,0.0,0.0,0.0,5.0,0.0,-27.1406015037594
170317114003,41.73340160200047,-87.65206981499966,0.0,123.0,0.0,0.0,0.0,-12.18661976,2.0,0.0,-18.295810896077406
170313018012,41.84412327500047,-87.73294456399964,0.0,167.0,0.0,0.0,0.0,-5.59455824,7.0,0.0,-20.406394512793607
170318387004,41.86081065600047,-87.71678614399968,0.0,188.0,0.0,0.0,0.0,0.0,3.0,0.0,-25.944360902255642
170314407001,41.73381354000048,-87.60890957099969,0.0,119.0,0.0,0.0,0.0,-2.28648186,4.0,0.0,-15.095690711313168
170314603021,41.75131162600047,-87.55653456799968,0.0,209.0,0.0,0.0,0.0,-36.55113983,3.0,0.0,-33.14210617689572
170314912001,41.692423577000454,-87.63419985199965,0.0,113.0,0.0,0.0,0.0,9.92516613,3.0,0.0,-13.595228440461621
170312209012,41.91998310300045,-87.71852959699964,0.0,95.0,0.0,0.0,0.0,18.51996994,1.0,0.0,-11.447182322900275
170318350003,41.786398834000465,-87.69162122399968,0.0,132.0,0.0,0.0,0.0,0.0,6.0,0.0,-15.288721804511276
170318396001,41.82839138100047,-87.61737293599964,0.0,125.0,0.0,0.0,0.0,0.0,10.0,0.0,-11.231203007518797
170318433001,41.868229518000476,-87.69476378499968,0.0,293.0,0.0,0.0,0.0,0.0,17.0,0.0,-31.16804511278196
170318404001,41.83204556400045,-87.67498601999966,0.0,200.0,0.0,0.0,0.0,0.0,22.0,0.0,-13.458646616541355
170317105003,41.74975212400045,-87.66828076099966,0.0,96.0,0.0,0.0,0.0,-9.63137627,2.0,0.0,-13.962838195080723
170316706001,41.784958720000475,-87.67164785899968,0.0,119.0,0.0,0.0,0.0,24.69291687,4.0,0.0,-12.107938913970974
170314306002,41.76298931500048,-87.57254701399967,0.0,126.0,0.0,0.0,0.0,-17.49978447,1.0,0.0,-20.086080928658856
170316706002,41.78051320200046,-87.67273964999964,0.0,116.0,0.0,0.0,0.0,24.69291687,3.0,0.0,-12.409818613219093
170314605001,41.751691433000474,-87.56775038999967,0.0,137.0,0.0,0.0,0.0,18.88150787,2.0,0.0,-16.955265200617823
170310303001,41.995081919000484,-87.67338319499964,0.0,66.0,0.0,0.0,0.0,-7.97815895,4.0,0.0,-7.775998251733985
170318421003,41.897982587000456,-87.73148009299967,0.0,117.0,0.0,0.0,0.0,0.0,2.0,0.0,-16.046240601503758
170317112004,41.73902992000046,-87.67531787699966,0.0,148.0,0.0,0.0,0.0,9.18902493,12.0,0.0,-12.15983287480329
170310106003,41.999263372000485,-87.66555515999966,0.0,75.0,0.0,0.0,0.0,20.69528198,1.0,0.0,-8.206283979600164
170314105001,41.7964527310005,-87.60312050699969,0.0,63.0,0.0,0.0,0.0,18.02957153,1.0,0.0,-6.701490009500495
170310106001,42.00454100000047,-87.67052323199965,0.0,121.0,0.0,0.0,0.0,20.69528198,5.0,0.0,-12.09876518260768
170311510024,41.939079870000455,-87.74393741099965,0.0,79.0,0.0,0.0,0.0,23.92754936,4.0,0.0,-6.1926972207262345
170312435002,41.8941724070005,-87.65114787299967,0.0,193.0,0.0,0.0,0.0,46.46305084,21.0,0.0,-8.015116477472755
170312434001,41.893448358000455,-87.66134069799966,0.0,73.0,0.0,0.0,0.0,47.56014633,2.0,0.0,-4.1793362460220305
170316915001,41.756787734000454,-87.60453090099969,0.0,101.0,0.0,0.0,0.0,23.82374763,2.0,0.0,-11.00795182741738
170316915002,41.756957696000484,-87.59868575299964,0.0,154.0,0.0,0.0,0.0,23.82374763,5.0,0.0,-16.70231272967302
170317404003,41.687777577000475,-87.71346070999965,0.0,108.0,0.0,0.0,0.0,42.24148178,12.0,0.0,-2.4995386499970875
170318347001,41.788790392000465,-87.64637449699967,0.0,186.0,0.0,0.0,0.0,0.0,7.0,0.0,-22.63684210526316
170318347002,41.787007478000476,-87.64794081299965,0.0,152.0,0.0,0.0,0.0,0.0,2.0,0.0,-21.296240601503758
170314606001,41.736070860000495,-87.55965413299964,0.0,250.0,0.0,0.0,0.0,-43.51474762,6.0,0.0,-37.807630732529
170316914004,41.758020676000456,-87.61141347999967,0.0,86.0,0.0,0.0,0.0,23.01761436,1.0,0.0,-9.599104314040915
170313005001,41.84968123800047,-87.72219385299968,0.0,50.0,0.0,0.0,0.0,2.00342751,3.0,0.0,-5.022497390627732
170313818001,41.80463969300047,-87.61807712499967,0.0,166.0,0.0,0.0,0.0,62.64926147,3.0,0.0,-15.706458192399605
170315501006,41.65710037800045,-87.54586362399965,0.0,97.0,0.0,0.0,0.0,13.79252338,10.0,0.0,-5.503791780497755
170312207013,41.92510154000047,-87.72554353699968,0.0,93.0,0.0,0.0,0.0,19.90510941,2.0,0.0,-10.241909548347614
170318420001,41.838060476000464,-87.62193726999965,0.0,84.0,0.0,0.0,0.0,0.0,2.0,0.0,-11.09624060150376
170318310001,41.91307517400048,-87.68009638999968,0.0,105.0,0.0,0.0,0.0,0.0,3.0,0.0,-13.49436090225564
170316914003,41.751925618000485,-87.61126791899966,0.0,97.0,0.0,0.0,0.0,23.01761436,2.0,0.0,-10.497224614792795
170315501003,41.6490461890005,-87.54659780699967,0.0,105.0,0.0,0.0,0.0,13.79252338,8.0,0.0,-8.207551178993997
170318439004,41.7698880260005,-87.57078171899968,0.0,59.0,0.0,0.0,0.0,0.0,0.0,0.0,-8.850000000000001
170312228001,41.91628082200049,-87.71507390399967,0.0,79.0,0.0,0.0,0.0,-42.33686447,1.0,0.0,-15.786588126886986
170315704002,41.80425742300048,-87.71778364399967,0.0,161.0,0.0,0.0,0.0,8.75739861,9.0,0.0,-16.413271122049313
170318429004,41.86449977900048,-87.68437871299966,0.0,249.0,0.0,0.0,0.0,0.0,25.0,0.0,-18.55300751879699
170316009001,41.83521088300046,-87.65103353799964,0.0,121.0,0.0,0.0,0.0,24.33485031,2.0,0.0,-13.951351309144956
170314805003,41.726344096000446,-87.55929147999967,0.0,139.0,0.0,0.0,0.0,29.78387833,7.0,0.0,-12.288516708806902
170318429001,41.86281148900048,-87.66626324599969,0.0,56.0,0.0,0.0,0.0,0.0,3.0,0.0,-6.144360902255638
170312514004,41.887862423000456,-87.77077450199965,0.0,179.0,0.0,0.0,0.0,13.98475456,9.0,0.0,-18.53438341994521
170315607002,41.798631696000484,-87.76242346799967,0.0,142.0,0.0,0.0,0.0,19.86276054,8.0,0.0,-13.085321150201082
170313007001,41.84985200600045,-87.71145399499966,0.0,135.0,0.0,0.0,0.0,14.99620342,5.0,0.0,-14.829892376406134
170312412002,41.90563949900047,-87.68590734699967,0.0,102.0,0.0,0.0,0.0,72.150177,4.0,0.0,-4.302428379087252
170310715003,41.91733631200049,-87.63748731199968,0.0,166.0,0.0,0.0,0.0,8.99120903,13.0,0.0,-14.129859698257274
170317005014,41.749331319000476,-87.70111400999969,0.0,116.0,0.0,0.0,0.0,31.2435894,5.0,0.0,-10.180624826018533
170314406002,41.73326262100045,-87.61931690299969,0.0,162.0,0.0,0.0,0.0,11.04483128,10.0,0.0,-15.558076619921895
170317005016,41.7444433390005,-87.69288095599967,0.0,53.0,0.0,0.0,0.0,31.2435894,0.0,0.0,-4.490023322259136
170318312003,41.914149100000486,-87.72648725599964,0.0,153.0,0.0,0.0,0.0,0.0,4.0,0.0,-19.94248120300752
170314907002,41.7071382150005,-87.62803053599964,0.0,172.0,0.0,0.0,0.0,34.62749863,1.0,0.0,-21.213402844494954
170312414004,41.904151379000496,-87.67596243699967,0.0,153.0,0.0,0.0,0.0,45.44094086,7.0,0.0,-12.654622740922076
170315601001,41.81489426000047,-87.74247378699965,0.0,100.0,0.0,0.0,0.0,-35.0891571,8.0,0.0,-12.870804831264207
170316707002,41.78198038800048,-87.66664363799964,0.0,167.0,0.0,0.0,0.0,-6.73574591,5.0,0.0,-22.036531283382875
170314207004,41.77783185700048,-87.61070367399964,0.0,138.0,0.0,0.0,0.0,24.97336006,2.0,0.0,-16.430641480795014
170316813003,41.756589542000484,-87.64177725799965,0.0,153.0,0.0,0.0,0.0,-18.72115517,8.0,0.0,-19.008180032814597
170318398001,41.83634127100049,-87.64621354299965,0.0,70.0,0.0,0.0,0.0,0.0,1.0,0.0,-9.74812030075188
170311406011,41.964193424000484,-87.72787845599964,0.0,118.0,0.0,0.0,0.0,6.18602657,7.0,0.0,-11.751789328961943
170314110003,41.794189650000476,-87.58541684899967,0.0,50.0,0.0,0.0,0.0,9.85881805,7.0,0.0,-1.145057160634144
170314207003,41.7744470290005,-87.60948151799965,0.0,172.0,0.0,0.0,0.0,24.97336006,1.0,0.0,-22.282521180043126
170313802002,41.8193232210005,-87.61453040199967,0.0,93.0,0.0,0.0,0.0,29.1135788,2.0,0.0,-9.222145496298888
170312520004,41.88644939900047,-87.77199777799967,0.0,130.0,0.0,0.0,0.0,-3.75286627,2.0,0.0,-18.41184040992015
170314803002,41.724879899000484,-87.58667744599967,0.0,109.0,0.0,0.0,0.0,14.57135963,4.0,0.0,-11.728820114413942
170313901001,41.81052670100047,-87.59348973599964,0.0,161.0,0.0,0.0,0.0,-23.67945099,3.0,0.0,-24.51666998198986
170312426003,41.900109699000495,-87.69193723699965,0.0,66.0,0.0,0.0,0.0,56.0958786,2.0,0.0,-2.1840724287462825
170316714001,41.77421138800048,-87.67495375599964,0.0,247.0,0.0,0.0,0.0,24.62335968,4.0,0.0,-31.3156418143032
170314402012,41.747520635000456,-87.61214767499968,0.0,170.0,0.0,0.0,0.0,-13.96255207,1.0,0.0,-26.294360840065277
170318401002,41.83903418600045,-87.64141637699964,0.0,51.0,0.0,0.0,0.0,0.0,3.0,0.0,-5.394360902255638
170318355001,41.82292920100048,-87.63255897499965,0.0,175.0,0.0,0.0,0.0,0.0,14.0,0.0,-15.723684210526317
170318331003,41.88029064300048,-87.66105844999964,0.0,137.0,0.0,0.0,0.0,0.0,10.0,0.0,-13.031203007518794
170310715001,41.91116814700047,-87.63552036699969,0.0,109.0,0.0,0.0,0.0,8.99120903,0.0,0.0,-15.354295788482837
170318392001,41.844023965000474,-87.62038530599966,0.0,127.0,0.0,0.0,0.0,0.0,5.0,0.0,-15.290601503759396
170316113001,41.80389266600048,-87.66600742399964,0.0,103.0,0.0,0.0,0.0,49.5824852,4.0,0.0,-6.951619054613279
170317107002,41.746855793000464,-87.65499975499966,0.0,119.0,0.0,0.0,0.0,-2.96325302,3.0,0.0,-15.922517382875796
170318417001,41.85247897800048,-87.70893685099969,0.0,222.0,0.0,0.0,0.0,0.0,7.0,0.0,-28.036842105263155
170318342004,41.75868323800046,-87.59115982199967,0.0,295.0,0.0,0.0,0.0,0.0,14.0,0.0,-33.723684210526315
170312610001,41.87249838300045,-87.73293944299968,0.0,178.0,0.0,0.0,0.0,28.59134674,1.0,0.0,-22.781858203298945
170312610002,41.86997434300048,-87.72785720699966,0.0,205.0,0.0,0.0,0.0,28.59134674,6.0,0.0,-23.072459707058343
170317506004,41.68828227600045,-87.6600443809997,0.0,148.0,0.0,0.0,0.0,8.1006012,4.0,0.0,-18.29540465815702
170317107001,41.749764005000486,-87.65728907999966,0.0,137.0,0.0,0.0,0.0,-2.96325302,6.0,0.0,-16.36687828513143
170317506001,41.68776029200046,-87.64832682799965,0.0,145.0,0.0,0.0,0.0,8.1006012,10.0,0.0,-13.334126462668298
170316610001,41.768308712000476,-87.68175656699964,0.0,132.0,0.0,0.0,0.0,-10.72794628,6.0,0.0,-16.476755722562217
170311913011,41.92374019200048,-87.77985713399966,0.0,91.0,0.0,0.0,0.0,-13.96219158,12.0,0.0,-6.173644226962754
170316909002,41.75966381800049,-87.60781738599968,0.0,134.0,0.0,0.0,0.0,19.48962784,3.0,0.0,-15.68604109716151
170317104003,41.75338159000046,-87.66955416299965,0.0,88.0,0.0,0.0,0.0,-4.1372242,2.0,0.0,-12.154404964737425
170318326002,41.914969157000485,-87.65753219399966,0.0,122.0,0.0,0.0,0.0,0.0,7.0,0.0,-13.036842105263155
170316110001,41.801528533000464,-87.65089180699965,0.0,172.0,0.0,0.0,0.0,-4.75519562,12.0,0.0,-17.304043345456662
170317104001,41.757111748000455,-87.66454165899967,0.0,94.0,0.0,0.0,0.0,-4.1372242,3.0,0.0,-12.302525265489306
170318426002,41.811729684000454,-87.64564777199968,0.0,302.0,0.0,0.0,0.0,0.0,31.0,0.0,-21.99172932330827
170315306003,41.67744082900049,-87.62045047899966,0.0,182.0,0.0,0.0,0.0,-9.57232571,4.0,0.0,-25.352539421169197
170314602001,41.74042994500047,-87.54534399099964,0.0,118.0,0.0,0.0,0.0,17.18678284,0.0,0.0,-15.796701789590257
170318359002,41.823777248000454,-87.61893749999967,0.0,131.0,0.0,0.0,0.0,0.0,12.0,0.0,-10.627443609022555
170318359003,41.81925416700045,-87.61843569699965,0.0,142.0,0.0,0.0,0.0,0.0,6.0,0.0,-16.788721804511276
170316608003,41.77409155100048,-87.69322433599967,0.0,117.0,0.0,0.0,0.0,13.23519611,4.0,0.0,-13.076789496473738
170318426004,41.81231890300046,-87.6443509779997,0.0,80.0,0.0,0.0,0.0,0.0,6.0,0.0,-7.488721804511278
170315206001,41.69099013800047,-87.53891766899966,0.0,162.0,0.0,0.0,0.0,17.6332798,12.0,0.0,-13.324699445124436
170313009002,41.851137079000466,-87.70518617699969,0.0,202.0,0.0,0.0,0.0,7.41385365,5.0,0.0,-25.71957673631754
170316111002,41.80412709900048,-87.65599755399967,0.0,81.0,0.0,0.0,0.0,14.35909081,4.0,0.0,-7.552327181966542
170318399002,41.83005096500045,-87.64612712199965,0.0,88.0,0.0,0.0,0.0,0.0,11.0,0.0,-4.929323308270678
170318360002,41.81493763600048,-87.61246090399965,0.0,58.0,0.0,0.0,0.0,0.0,1.0,0.0,-7.948120300751879
170318360001,41.81615925700049,-87.61525258199964,0.0,103.0,0.0,0.0,0.0,0.0,5.0,0.0,-11.6906015037594
170315401014,41.653781593000474,-87.59453004499966,0.0,58.0,0.0,0.0,0.0,0.93113601,0.0,0.0,-8.596884162790698
170314205001,41.78453929000045,-87.60971732099966,0.0,136.0,0.0,0.0,0.0,54.07803726,5.0,0.0,-10.651893058576674
170314108001,41.79939964200048,-87.58906171299964,0.0,184.0,0.0,0.0,0.0,23.16632462,2.0,0.0,-23.530756147461677
170318407002,41.84915746700045,-87.69690872299964,0.0,96.0,0.0,0.0,0.0,0.0,4.0,0.0,-11.392481203007517
170313012003,41.848348048000446,-87.69141064399969,0.0,108.0,0.0,0.0,0.0,31.45898628,2.0,0.0,-11.21241044867984
170318351002,41.788469723000446,-87.68880763999965,0.0,101.0,0.0,0.0,0.0,0.0,1.0,0.0,-14.398120300751879
170314607002,41.735383845000456,-87.54991096399965,0.0,144.0,0.0,0.0,0.0,9.64491367,3.0,0.0,-18.276264150317658
170313107001,41.85870330300048,-87.66506294799967,0.0,116.0,0.0,0.0,0.0,-6.56955004,8.0,0.0,-12.112487327388237
170312409001,41.90236125700045,-87.69808350899967,0.0,199.0,0.0,0.0,0.0,37.94775772,21.0,0.0,-9.8581168229877
170312420001,41.9006579870005,-87.66358514999968,0.0,93.0,0.0,0.0,0.0,51.62559891,3.0,0.0,-5.977240314215773
170315401023,41.65431992200047,-87.60757753299964,0.0,90.0,0.0,0.0,0.0,6.94728279,2.0,0.0,-11.226884810806084
170312513002,41.89705960900045,-87.76669728199965,0.0,168.0,0.0,0.0,0.0,-15.53002262,3.0,0.0,-24.6641862200851
170316812002,41.76637208800048,-87.63471850999969,0.0,131.0,0.0,0.0,0.0,1.33406615,2.0,0.0,-17.99850348633211
170316812001,41.76775169600046,-87.64444363799964,0.0,119.0,0.0,0.0,0.0,1.33406615,3.0,0.0,-15.446623787083992
170315302001,41.67979802500048,-87.62734147099968,0.0,154.0,0.0,0.0,0.0,-3.65798473,2.0,0.0,-22.001333041149387
170318438001,41.80524809800045,-87.64479162699968,0.0,180.0,0.0,0.0,0.0,0.0,9.0,0.0,-20.23308270676692
170314004002,41.78971188300045,-87.61905425999964,0.0,152.0,0.0,0.0,0.0,6.76516151,2.0,0.0,-20.547053280352042
170316119001,41.80037970800049,-87.66235701099964,0.0,264.0,0.0,0.0,0.0,11.43365765,7.0,0.0,-33.070656318995155
170316114001,41.807121709000455,-87.67095418599968,0.0,76.0,0.0,0.0,0.0,8.22574234,0.0,0.0,-10.489065078626798
170315302003,41.67913892000047,-87.63594671199968,0.0,90.0,0.0,0.0,0.0,-3.65798473,5.0,0.0,-10.145693943405025
170314313011,41.7540913950005,-87.55697392499968,0.0,232.0,0.0,0.0,0.0,24.69081306,2.0,0.0,-30.561931292533654
170317111002,41.73691529500047,-87.65341107499967,0.0,147.0,0.0,0.0,0.0,-14.21635914,4.0,0.0,-20.61682883755901
170312513005,41.900710038000454,-87.77410760599969,0.0,152.0,0.0,0.0,0.0,-15.53002262,8.0,0.0,-18.50478772384449
170317505001,41.68824309900049,-87.67790013999968,0.0,72.0,0.0,0.0,0.0,-16.73883438,3.0,0.0,-10.398052417205806
170310818001,41.89394844800046,-87.63825127599966,0.0,121.0,0.0,0.0,0.0,23.82558823,0.0,0.0,-15.511507394241416
170316811002,41.7651878690005,-87.6476803979997,0.0,151.0,0.0,0.0,0.0,25.04034615,5.0,0.0,-16.117584211400594
170317111003,41.73727153700048,-87.66306335999968,0.0,141.0,0.0,0.0,0.0,-14.21635914,5.0,0.0,-18.964949138310892
170316811003,41.76689324600045,-87.65088028399964,0.0,155.0,0.0,0.0,0.0,25.04034615,1.0,0.0,-19.725103008393074
170314212001,41.77286656500047,-87.60696779099965,0.0,138.0,0.0,0.0,0.0,-2.18114734,9.0,0.0,-14.174627262691617
170314913002,41.68891257500047,-87.62371063099965,0.0,96.0,0.0,0.0,0.0,-10.35513401,2.0,0.0,-14.04298855388471
170312315002,41.88972303100047,-87.71393083999965,0.0,128.0,0.0,0.0,0.0,-34.93770218,2.0,0.0,-21.56531061036312
170314212002,41.76628608900046,-87.60608041099965,0.0,141.0,0.0,0.0,0.0,-2.18114734,8.0,0.0,-15.376506961939732
170314304004,41.75984128100049,-87.58834364499967,0.0,129.0,0.0,0.0,0.0,-12.4734211,5.0,0.0,-16.971932744069477
170318333001,41.87428244500046,-87.65682930999964,0.0,134.0,0.0,0.0,0.0,0.0,16.0,0.0,-8.069924812030077
170317113001,41.73499232400047,-87.66419374799966,0.0,79.0,0.0,0.0,0.0,-49.66582489,6.0,0.0,-12.83881315445591
170316703002,41.79306963200048,-87.66581731299965,0.0,109.0,0.0,0.0,0.0,-0.65474451,4.0,0.0,-13.414988900681939
170317306003,41.70984751900045,-87.64406339199968,0.0,157.0,0.0,0.0,0.0,14.55419922,7.0,0.0,-16.6750813942997
170314408002,41.725679080000475,-87.60433409799964,0.0,121.0,0.0,0.0,0.0,-2.04716635,5.0,0.0,-14.617308740747216
170314911002,41.700589798000465,-87.63421713699967,0.0,73.0,0.0,0.0,0.0,0.38777146,0.0,0.0,-10.90705742414175
170314911004,41.69305241900048,-87.64001908699964,0.0,113.0,0.0,0.0,0.0,0.38777146,5.0,0.0,-13.147658927901151
170315202003,41.72090106900049,-87.53892688699966,0.0,153.0,0.0,0.0,0.0,-13.14785767,3.0,0.0,-22.150380577781668
170314911005,41.70597896100048,-87.64270551999965,0.0,114.0,0.0,0.0,0.0,0.38777146,5.0,0.0,-13.29765892790115
170318371002,41.882889185000465,-87.69994424199967,0.0,229.0,0.0,0.0,0.0,0.0,13.0,0.0,-24.57556390977443
170317108001,41.750638006000486,-87.64568118899967,0.0,263.0,0.0,0.0,0.0,2.01393652,6.0,0.0,-34.71569450440054
170316006001,41.84130069200046,-87.65641584599967,0.0,71.0,0.0,0.0,0.0,2.58108187,1.0,0.0,-9.612286206621203
170313018033,41.837828867000496,-87.73046723699969,0.0,38.0,0.0,0.0,0.0,-3.64739442,2.0,0.0,-4.60016024934429
170318348002,41.782723571000474,-87.64844599099968,0.0,180.0,0.0,0.0,0.0,0.0,6.0,0.0,-22.48872180451128
170317108003,41.74432730700045,-87.64389994199968,0.0,98.0,0.0,0.0,0.0,2.01393652,1.0,0.0,-13.72509300064114
170314913004,41.68980789700049,-87.62978085199967,0.0,120.0,0.0,0.0,0.0,-10.35513401,1.0,0.0,-18.39486825313283
170317108006,41.747932251000464,-87.65006240299965,0.0,127.0,0.0,0.0,0.0,2.01393652,3.0,0.0,-16.571333602144893
170316905001,41.76913726400045,-87.61323757999969,0.0,249.0,0.0,0.0,0.0,-2.56504917,16.0,0.0,-25.603983413358975
170316805001,41.7918816290005,-87.65478421499967,0.0,150.0,0.0,0.0,0.0,31.82738495,4.0,0.0,-15.967853855277728
170316904004,41.76930151500045,-87.62335342399967,0.0,161.0,0.0,0.0,0.0,3.6050272,3.0,0.0,-21.495133083872474
170317115002,41.73237631000046,-87.63987964999967,0.0,174.0,0.0,0.0,0.0,33.97094727,8.0,0.0,-16.32295274156321
170316809002,41.777082462000465,-87.63493965799967,0.0,178.0,0.0,0.0,0.0,48.77373886,5.0,0.0,-17.53930151926328
170316904001,41.7710705020005,-87.61779796499968,0.0,134.0,0.0,0.0,0.0,3.6050272,6.0,0.0,-15.189493986128113
170312307002,41.905081795000456,-87.71779328899964,0.0,133.0,0.0,0.0,0.0,6.92865181,3.0,0.0,-16.92706834300869
170318366002,41.90215960900048,-87.71058691899964,0.0,135.0,0.0,0.0,0.0,0.0,10.0,0.0,-12.731203007518797
170312922002,41.85393330500045,-87.71713560399968,0.0,228.0,0.0,0.0,0.0,15.0761385,4.0,0.0,-29.522919907326457
170315604001,41.80369517700046,-87.74293366399968,0.0,124.0,0.0,0.0,0.0,30.21904755,6.0,0.0,-10.742204910823572
170314802001,41.733899961000475,-87.58560697599967,0.0,137.0,0.0,0.0,0.0,5.56376934,4.0,0.0,-16.92633841895436
170314401013,41.74677868500049,-87.60023976599967,0.0,92.0,0.0,0.0,0.0,-1.55655324,0.0,0.0,-13.972375774086379
170312210002,41.91736630000048,-87.71367354399968,0.0,103.0,0.0,0.0,0.0,23.5617466,2.0,0.0,-11.336966337937868
170314301022,41.76629751600046,-87.57111127099967,0.0,72.0,0.0,0.0,0.0,-10.14149666,2.0,0.0,-10.419329932622254
170313301002,41.859620821000476,-87.62559345999966,0.0,183.0,0.0,0.0,0.0,58.86877823,6.0,0.0,-16.419477260768204
170314908004,41.70728403400045,-87.61845260099966,0.0,90.0,0.0,0.0,0.0,3.15608525,5.0,0.0,-9.391090401876784
170317102004,41.757331612000485,-87.65265364599969,0.0,185.0,0.0,0.0,0.0,4.09464884,3.0,0.0,-25.040911418313225
170314908003,41.71097531400045,-87.61987468499967,0.0,150.0,0.0,0.0,0.0,3.15608525,5.0,0.0,-18.391090401876788
170312512004,41.89980088700048,-87.75820726999967,0.0,189.0,0.0,0.0,0.0,0.89939588,4.0,0.0,-25.242880330360784
170312909002,41.858854694000456,-87.72773785599969,0.0,177.0,0.0,0.0,0.0,7.51495218,4.0,0.0,-22.710260585067317
170312512002,41.897528846000455,-87.75813447799965,0.0,154.0,0.0,0.0,0.0,0.89939588,3.0,0.0,-20.74476002960891
170316810003,41.7724276560005,-87.64894099399964,0.0,108.0,0.0,0.0,0.0,16.41242599,0.0,0.0,-14.38245559357697
170315103001,41.722590237000475,-87.57032539899967,0.0,142.0,0.0,0.0,0.0,3.30327296,8.0,0.0,-14.919151446989565
170316701002,41.79039145700045,-87.65723949699964,0.0,136.0,0.0,0.0,0.0,-2.16354942,2.0,0.0,-19.13583632907851
170314908005,41.708465644000455,-87.61996456299966,0.0,153.0,0.0,0.0,0.0,3.15608525,7.0,0.0,-17.337331003380548
170312306002,41.90437314100046,-87.73100074299964,0.0,241.0,0.0,0.0,0.0,26.73340225,2.0,0.0,-31.685730939266776
170315502001,41.6653143690005,-87.55687173799964,0.0,74.0,0.0,0.0,0.0,1.10416353,1.0,0.0,-10.225843054904706
170318411002,41.84822035200045,-87.63306276599968,0.0,64.0,0.0,0.0,0.0,0.0,3.0,0.0,-7.344360902255641
170317003023,41.740177592000464,-87.73314053099966,0.0,42.0,0.0,0.0,0.0,11.91153049,0.0,0.0,-4.980893633444076
170314203001,41.78233843100048,-87.59839039099967,0.0,112.0,0.0,0.0,0.0,40.7518158,10.0,0.0,-4.768266595558661
170315203001,41.70664043000045,-87.53887388299967,0.0,90.0,0.0,0.0,0.0,20.31145477,2.0,0.0,-9.74691006219036
170318324001,41.9157277270005,-87.69257099299966,0.0,81.0,0.0,0.0,0.0,0.0,4.0,0.0,-9.142481203007517
170315203004,41.70014040800049,-87.54372383699967,0.0,76.0,0.0,0.0,0.0,20.31145477,2.0,0.0,-7.646910062190358
170318364001,41.8232336800005,-87.60277595599968,0.0,69.0,0.0,0.0,0.0,0.0,4.0,0.0,-7.34248120300752
170318364003,41.81869407500045,-87.60425435299965,0.0,95.0,0.0,0.0,0.0,0.0,7.0,0.0,-8.986842105263158
170318364002,41.81803433300047,-87.60144476599964,0.0,76.0,0.0,0.0,0.0,0.0,3.0,0.0,-9.144360902255638
170314604003,41.74446757600049,-87.56355630999968,0.0,140.0,0.0,0.0,0.0,12.24481583,0.0,0.0,-19.64398495791805
170312912002,41.86517827600045,-87.71434105199967,0.0,294.0,0.0,0.0,0.0,92.62982941,6.0,0.0,-29.330711903071627
170317106001,41.75041331200049,-87.65894049499968,0.0,139.0,0.0,0.0,0.0,-36.14253235,0.0,0.0,-24.85249527685493
170318370002,41.87926837800046,-87.69717090099965,0.0,315.0,0.0,0.0,0.0,0.0,8.0,0.0,-41.234962406015036
170312912001,41.86179171900045,-87.71157327199967,0.0,294.0,0.0,0.0,0.0,92.62982941,6.0,0.0,-29.330711903071627
170316709001,41.78344001300047,-87.65463787499965,0.0,131.0,0.0,0.0,0.0,24.50040054,4.0,0.0,-13.929258551844725
170310102021,42.018098816000474,-87.67114813399968,0.0,347.0,0.0,0.0,0.0,30.07124138,18.0,0.0,-35.186016866468506
170316606002,41.779162743000484,-87.68808054999965,0.0,186.0,0.0,0.0,0.0,15.70637798,1.0,0.0,-25.408765042723086
170314909011,41.69278769800047,-87.61305087199969,0.0,192.0,0.0,0.0,0.0,-24.73520851,4.0,0.0,-28.531706951623242
170314303001,41.77004243300047,-87.59103422299967,0.0,281.0,0.0,0.0,0.0,43.9299736,5.0,0.0,-33.52570963222009
170318317001,41.94825203400046,-87.74711425299967,0.0,303.0,0.0,0.0,0.0,0.0,20.0,0.0,-30.412406015037597
170316716002,41.768019025000456,-87.65907761699964,0.0,180.0,0.0,0.0,0.0,-16.251894,4.0,0.0,-25.792247980416157
170314909012,41.6944031970005,-87.61981015699968,0.0,285.0,0.0,0.0,0.0,-24.73520851,8.0,0.0,-39.47418815463076
170310814031,41.88953751300045,-87.61815087099967,0.0,259.0,0.0,0.0,0.0,6.78603935,10.0,0.0,-30.57970363321093
170314301012,41.766733270000486,-87.57145630299965,0.0,292.0,0.0,0.0,0.0,-6.44920444,2.0,0.0,-43.01043821390685
170317307002,41.70447184200049,-87.65515380899967,0.0,311.0,0.0,0.0,0.0,4.5602293,8.0,0.0,-40.12995362417673
170314305002,41.76496189900047,-87.58235616999968,0.0,209.0,0.0,0.0,0.0,20.83216095,1.0,0.0,-28.291125732645565
170317307001,41.70579004600046,-87.64290764599968,0.0,139.0,0.0,0.0,0.0,4.5602293,6.0,0.0,-15.833713022672963
170314305003,41.765294708000454,-87.58244821499966,0.0,201.0,0.0,0.0,0.0,20.83216095,5.0,0.0,-24.083606935653087
170311912001,41.92184173400045,-87.75970408299969,0.0,163.0,0.0,0.0,0.0,-3.68482399,3.0,0.0,-22.602425574459406
170312522012,41.87764827000046,-87.75060105699964,0.0,175.0,0.0,0.0,0.0,-4.86325979,5.0,0.0,-23.029168479396166
170318361003,41.79899120800047,-87.61767382699969,0.0,131.0,0.0,0.0,0.0,0.0,11.0,0.0,-11.379323308270676
170318437001,41.94153331300049,-87.69313337999967,0.0,276.0,0.0,0.0,0.0,0.0,20.0,0.0,-26.3624060150376
170318361001,41.798598539000466,-87.62097749299966,0.0,355.0,0.0,0.0,0.0,0.0,6.0,0.0,-48.73872180451128
170314305001,41.76556963000047,-87.57807642499967,0.0,266.0,0.0,0.0,0.0,20.83216095,2.0,0.0,-36.08924603339745
170314701001,41.72662330100047,-87.60162023699968,0.0,260.0,0.0,0.0,0.0,0.27220255,12.0,0.0,-29.947299362067962
170314910005,41.70065317400048,-87.63088012799966,0.0,253.0,0.0,0.0,0.0,-17.19540596,0.0,0.0,-39.854253151716506
170314910004,41.70171212100047,-87.62809391099967,0.0,266.0,0.0,0.0,0.0,-17.19540596,0.0,0.0,-41.80425315171651
170313204001,41.881820253000456,-87.62616251199967,0.0,1042.0,0.0,0.0,0.0,104.69609833,33.0,0.0,-119.89371761805677
170315201001,41.721730713000454,-87.53547465199966,0.0,195.0,0.0,0.0,0.0,-21.65777206,12.0,0.0,-22.625867978900743
170318378001,41.88368276900047,-87.69112948799966,0.0,387.0,0.0,0.0,0.0,0.0,10.0,0.0,-50.5312030075188
170314910003,41.70435776000045,-87.63180080199965,0.0,153.0,0.0,0.0,0.0,-17.19540596,2.0,0.0,-23.350493753220263
170314910002,41.69349750400045,-87.62461056299969,0.0,296.0,0.0,0.0,0.0,-17.19540596,4.0,0.0,-43.29673435472403
170314003001,41.79650286500049,-87.61929328799965,0.0,391.0,0.0,0.0,0.0,75.57952118,32.0,0.0,-26.22002446569914
170316505003,41.754552308000484,-87.73229360299968,0.0,623.0,0.0,0.0,0.0,9.14953232,19.0,0.0,-78.15104846954596
170318435001,41.838452143000495,-87.70238066999968,0.0,337.0,0.0,0.0,0.0,0.0,28.0,0.0,-29.497368421052638
170312522025,41.87587260300046,-87.74598040699965,0.0,432.0,0.0,0.0,0.0,12.82981014,7.0,0.0,-58.11604364014689
170311502003,41.95436908300047,-87.75109807399969,0.0,113.0,0.0,0.0,0.0,24.34595871,5.0,0.0,-10.49448204528764
170318387001,41.86404904000045,-87.71780711599968,0.0,690.0,0.0,0.0,0.0,0.0,3.0,0.0,-101.24436090225564
170314601004,41.746400630000494,-87.55027841399965,0.0,176.0,0.0,0.0,0.0,1.99305654,5.0,0.0,-22.41988649379262
170314601001,41.7453202260005,-87.54550756899965,0.0,307.0,0.0,0.0,0.0,1.99305654,10.0,0.0,-38.31048799755202
170318416001,41.85399883700046,-87.70533712299965,0.0,213.0,0.0,0.0,0.0,0.0,6.0,0.0,-27.43872180451128
170312517001,41.8941196020005,-87.74361023599965,0.0,474.0,0.0,0.0,0.0,-3.01048374,12.0,0.0,-62.41083051267704
170318431001,41.864061715000446,-87.70554338199969,0.0,433.0,0.0,0.0,0.0,0.0,20.0,0.0,-49.91240601503758
170312522023,41.87599820200046,-87.74184141099965,0.0,244.0,0.0,0.0,0.0,12.82981014,7.0,0.0,-29.916043640146874
170314601002,41.75009297800045,-87.55068937999965,0.0,116.0,0.0,0.0,0.0,1.99305654,2.0,0.0,-15.67552559153698
170312522024,41.879452743000456,-87.74713038399966,0.0,298.0,0.0,0.0,0.0,12.82981014,4.0,0.0,-40.27168273789125
170314409001,41.73025140100049,-87.60679456999969,0.0,171.0,0.0,0.0,0.0,44.27466583,2.0,0.0,-19.243176832954482
170312522021,41.877817232000496,-87.74268258399968,0.0,492.0,0.0,0.0,0.0,12.82981014,8.0,0.0,-66.36416394089878
170314309002,41.76061639000045,-87.58166304099967,0.0,94.0,0.0,0.0,0.0,-18.70834923,7.0,0.0,-10.908641577023957
170312522022,41.878534784000465,-87.74598278599967,0.0,215.0,0.0,0.0,0.0,12.82981014,3.0,0.0,-28.573562437139362
170318431002,41.855891872000484,-87.70409282499969,0.0,107.0,0.0,0.0,0.0,0.0,6.0,0.0,-11.538721804511276
170314309001,41.7617354890005,-87.57922051399964,0.0,168.0,0.0,0.0,0.0,-18.70834923,1.0,0.0,-26.51991977251268
170314308001,41.76235210300047,-87.57001429799965,0.0,116.0,0.0,0.0,0.0,-18.03534889,1.0,0.0,-18.645390388238035
170317101001,41.75476202300047,-87.64043369699965,0.0,259.0,0.0,0.0,0.0,-43.22404861,5.0,0.0,-39.877317850381765
170314603011,41.74042168200049,-87.55879489499966,0.0,145.0,0.0,0.0,0.0,17.11229515,1.0,0.0,-19.103071003963397
170313011001,41.84690660300049,-87.69929784199968,0.0,100.0,0.0,0.0,0.0,-3.01637459,1.0,0.0,-14.58215956874745
170314603013,41.742509810000456,-87.55760767999965,0.0,142.0,0.0,0.0,0.0,17.11229515,1.0,0.0,-18.653071003963394
170318349002,41.76988917900047,-87.65548710699966,0.0,361.0,0.0,0.0,0.0,0.0,9.0,0.0,-47.38308270676692
170312507003,41.90245113600048,-87.76101768399968,0.0,198.0,0.0,0.0,0.0,-21.74430466,3.0,0.0,-29.852368062831502
170318387002,41.862502677000464,-87.72440047299966,0.0,242.0,0.0,0.0,0.0,0.0,5.0,0.0,-32.5406015037594
170318358001,41.81543081300049,-87.61826379499968,0.0,266.0,0.0,0.0,0.0,0.0,11.0,0.0,-31.629323308270685
170318430001,41.86631788300048,-87.71412096699964,0.0,632.0,0.0,0.0,0.0,0.0,14.0,0.0,-84.27368421052633
170314201001,41.781443099000455,-87.59122568499964,0.0,255.0,0.0,0.0,0.0,8.9378624,8.0,0.0,-31.245165905461327
170316806002,41.7796374830005,-87.65398107499965,0.0,223.0,0.0,0.0,0.0,-26.27191925,7.0,0.0,-31.096246230401587
170316806001,41.78331679700045,-87.65047194499965,0.0,160.0,0.0,0.0,0.0,-26.27191925,1.0,0.0,-26.157524425890305
170318388002,41.664668565000454,-87.55112033299969,0.0,590.0,0.0,0.0,0.0,0.0,19.0,0.0,-74.21428571428572
170318430002,41.86780135000049,-87.73248094599967,0.0,533.0,0.0,0.0,0.0,0.0,11.0,0.0,-71.67932330827067
170314005002,41.788722073000486,-87.62389384399967,0.0,290.0,0.0,0.0,0.0,8.13686943,1.0,0.0,-41.847027340618986
170313406001,41.82635994800046,-87.62965704199968,0.0,303.0,0.0,0.0,0.0,32.65644455,10.0,0.0,-34.31476396543685
170317114002,41.73478145700045,-87.64839365999967,0.0,262.0,0.0,0.0,0.0,-12.18661976,9.0,0.0,-33.88265300134056
170318350001,41.78648613200045,-87.68681150199967,0.0,187.0,0.0,0.0,0.0,0.0,11.0,0.0,-19.779323308270676
170314603022,41.749742411000454,-87.55765663899967,0.0,161.0,0.0,0.0,0.0,-36.55113983,0.0,0.0,-28.19774527464009
170314603023,41.74305138300048,-87.55996409599965,0.0,126.0,0.0,0.0,0.0,-36.55113983,2.0,0.0,-21.44398587614385
170314603024,41.74731464300049,-87.55525299299967,0.0,227.0,0.0,0.0,0.0,-36.55113983,0.0,0.0,-38.09774527464008
170318349001,41.765621127000486,-87.65771331499968,0.0,246.0,0.0,0.0,0.0,0.0,5.0,0.0,-33.140601503759406
170318396002,41.826715986000465,-87.61916585899968,0.0,251.0,0.0,0.0,0.0,0.0,3.0,0.0,-35.39436090225564
170318350005,41.785518967000485,-87.68749562199969,0.0,139.0,0.0,0.0,0.0,0.0,1.0,0.0,-20.09812030075188
170317103001,41.755410758000494,-87.66352427199968,0.0,232.0,0.0,0.0,0.0,-26.69393349,6.0,0.0,-33.24486061846476
170312602001,41.88223247700046,-87.72817812899967,0.0,812.0,0.0,0.0,0.0,-12.92117405,6.0,0.0,-118.71963808911815
170317114001,41.733329581000476,-87.65815694399964,0.0,183.0,0.0,0.0,0.0,-12.18661976,5.0,0.0,-25.040171798333045
170318381002,41.87886647300047,-87.67054519899966,0.0,209.0,0.0,0.0,0.0,0.0,20.0,0.0,-16.312406015037592
170318418002,41.7625491440005,-87.60427739799968,0.0,350.0,0.0,0.0,0.0,0.0,31.0,0.0,-29.191729323308273
170312304002,41.91046179900047,-87.72262365499967,0.0,141.0,0.0,0.0,0.0,14.27331448,3.0,0.0,-17.313705921081773
170314605003,41.74033084600046,-87.56844373799964,0.0,141.0,0.0,0.0,0.0,18.88150787,2.0,0.0,-17.555265200617825
170314314001,41.75945783700047,-87.55947873399964,0.0,230.0,0.0,0.0,0.0,-0.08386624,8.0,0.0,-28.494249918750363
170314306001,41.765942614000494,-87.57136361999966,0.0,229.0,0.0,0.0,0.0,-17.49978447,6.0,0.0,-31.77668243241825
170318421005,41.89616889500047,-87.72734685699965,0.0,249.0,0.0,0.0,0.0,0.0,13.0,0.0,-27.57556390977443
170316704001,41.79307982200049,-87.67423389199968,0.0,258.0,0.0,0.0,0.0,-6.83725977,8.0,0.0,-33.44213403059975
170316912003,41.75382215700046,-87.63790097799966,0.0,146.0,0.0,0.0,0.0,35.36132431,3.0,0.0,-15.728378143673135
170316303002,41.80206895400045,-87.70751723999967,0.0,297.0,0.0,0.0,0.0,6.36209631,13.0,0.0,-34.0710128233957
170316912001,41.757811552000476,-87.63564750599966,0.0,261.0,0.0,0.0,0.0,35.36132431,4.0,0.0,-32.226498444425026
170318414001,41.8556039660005,-87.71153178999964,0.0,192.0,0.0,0.0,0.0,0.0,1.0,0.0,-28.048120300751876
170315301002,41.68001234900049,-87.62053379099967,0.0,217.0,0.0,0.0,0.0,20.1597271,8.0,0.0,-24.302434487964092
170314314003,41.75498556600047,-87.55415544399966,0.0,335.0,0.0,0.0,0.0,-0.08386624,4.0,0.0,-47.25176871574285
170314314002,41.75839516800045,-87.55830480999964,0.0,316.0,0.0,0.0,0.0,-0.08386624,7.0,0.0,-42.14612961799849
170317105004,41.746060600000476,-87.67541703499967,0.0,137.0,0.0,0.0,0.0,-9.63137627,11.0,0.0,-13.34592090184764
170315301001,41.68260844000048,-87.61919022999967,0.0,139.0,0.0,0.0,0.0,20.1597271,9.0,0.0,-11.850554788715979
170316814002,41.762519185000485,-87.65286681799967,0.0,214.0,0.0,0.0,0.0,-3.37158585,5.0,0.0,-28.713977566882317
170318367002,41.8891998950005,-87.70274794499966,0.0,245.0,0.0,0.0,0.0,0.0,20.0,0.0,-21.712406015037594
170314605007,41.751538792000474,-87.57942771299969,0.0,247.0,0.0,0.0,0.0,18.88150787,11.0,0.0,-26.688347907384742
170313801001,41.82388710800046,-87.60875851699967,0.0,238.0,0.0,0.0,0.0,45.89096832,9.0,0.0,-23.851026414408118
170314206001,41.7848711470005,-87.61440365099969,0.0,209.0,0.0,0.0,0.0,28.26907921,6.0,0.0,-23.708148248586582
170317112001,41.74393979300049,-87.66331686099966,0.0,152.0,0.0,0.0,0.0,9.18902493,2.0,0.0,-20.27862986728449
170317302013,41.73174980300047,-87.65811776699968,0.0,132.0,0.0,0.0,0.0,-18.54282951,0.0,0.0,-21.853469491694348
170310625001,41.940559675000486,-87.66984936099965,0.0,110.0,0.0,0.0,0.0,45.92119598,4.0,0.0,-8.407077439995337
170318367001,41.8925288370005,-87.70650784099968,0.0,505.0,0.0,0.0,0.0,0.0,12.0,0.0,-66.72744360902256
170317112002,41.736431524000466,-87.66424329599965,0.0,127.0,0.0,0.0,0.0,9.18902493,3.0,0.0,-15.776750168036367
170312519003,41.88630997200045,-87.76030787899964,0.0,302.0,0.0,0.0,0.0,-5.13370752,2.0,0.0,-44.364757491869206
170314503001,41.745369774000494,-87.58294750999966,0.0,200.0,0.0,0.0,0.0,-4.09315252,13.0,0.0,-20.678847688290492
170312519004,41.88398927600048,-87.76334759799965,0.0,307.0,0.0,0.0,0.0,-5.13370752,5.0,0.0,-42.85911839412485
170314503003,41.7372611670005,-87.57931436599966,0.0,190.0,0.0,0.0,0.0,-4.09315252,14.0,0.0,-18.42696798904237
170314008002,41.78551296800049,-87.62451031499967,0.0,229.0,0.0,0.0,0.0,30.48967743,9.0,0.0,-24.206595726700467
170314008001,41.784829610000486,-87.61732089199967,0.0,353.0,0.0,0.0,0.0,30.48967743,9.0,0.0,-42.806595726700465
170316814001,41.76425913000048,-87.64562703099966,0.0,191.0,0.0,0.0,0.0,-3.37158585,2.0,0.0,-27.519616664626685
170317004013,41.742340983000474,-87.71330314899967,0.0,72.0,0.0,0.0,0.0,12.36415672,2.0,0.0,-7.927009514017603
170318314001,41.86954311900047,-87.74294990599964,0.0,534.0,0.0,0.0,0.0,0.0,28.0,0.0,-59.047368421052624
170314206002,41.78086146800047,-87.61445646599964,0.0,276.0,0.0,0.0,0.0,28.26907921,5.0,0.0,-34.51002794783471
170316915003,41.75260149400049,-87.60275408199965,0.0,252.0,0.0,0.0,0.0,23.82374763,3.0,0.0,-32.90607212816926
170318347003,41.790519632000496,-87.64386749699969,0.0,218.0,0.0,0.0,0.0,0.0,10.0,0.0,-25.1812030075188
170313814001,41.80923268900045,-87.62398026499966,0.0,446.0,0.0,0.0,0.0,99.22848511,11.0,0.0,-47.640565267296154
170318314002,41.86556753700046,-87.76823635699964,0.0,350.0,0.0,0.0,0.0,0.0,16.0,0.0,-40.46992481203007
170312924001,41.8558793790005,-87.7223011809997,0.0,141.0,0.0,0.0,0.0,-19.05636597,0.0,0.0,-23.26033953156146
170312808001,41.8811267960005,-87.68808674399969,0.0,231.0,0.0,0.0,0.0,108.47406006,8.0,0.0,-16.622331170134643
170314304002,41.76238451100045,-87.59262722599965,0.0,121.0,0.0,0.0,0.0,-12.4734211,1.0,0.0,-18.779451541061956
170313818002,41.803530046000446,-87.62272773399968,0.0,162.0,0.0,0.0,0.0,62.64926147,9.0,0.0,-10.595179996910879
170312924002,41.85743263800049,-87.72363420599964,0.0,261.0,0.0,0.0,0.0,-19.05636597,9.0,0.0,-34.493422238328385
170318423001,41.9033934680005,-87.66210174699967,0.0,257.0,0.0,0.0,0.0,0.0,16.0,0.0,-26.519924812030073
170318423002,41.889963656000475,-87.64292659699964,0.0,293.0,0.0,0.0,0.0,0.0,25.0,0.0,-25.153007518796997
170316914005,41.7583958510005,-87.61436762599965,0.0,117.0,0.0,0.0,0.0,23.01761436,7.0,0.0,-9.737826118552192
170312305002,41.91061193000047,-87.73613290899965,0.0,255.0,0.0,0.0,0.0,-16.48343277,10.0,0.0,-32.5566108447281
170315002002,41.699408710000455,-87.60623742999968,0.0,196.0,0.0,0.0,0.0,47.97054672,13.0,0.0,-14.313211006119953
170316814004,41.76201102800047,-87.64913342499966,0.0,144.0,0.0,0.0,0.0,-3.37158585,0.0,0.0,-21.973376063122924
170312516001,41.8922015330005,-87.74872560699964,0.0,311.0,0.0,0.0,0.0,1.94304788,2.0,0.0,-44.93106364912281
170312516002,41.89131317900046,-87.74874012199967,0.0,282.0,0.0,0.0,0.0,1.94304788,0.0,0.0,-42.08482304761905
170314207005,41.773013928000466,-87.61390401499966,0.0,285.0,0.0,0.0,0.0,24.97336006,8.0,0.0,-33.96936328530629
170312516003,41.890260999000475,-87.75538990899969,0.0,345.0,0.0,0.0,0.0,1.94304788,5.0,0.0,-47.77542455137845
170316914001,41.75536005800046,-87.6065773529997,0.0,138.0,0.0,0.0,0.0,23.01761436,4.0,0.0,-15.143465216296558
170316103003,41.810362358000475,-87.67327422099964,0.0,282.0,0.0,0.0,0.0,37.13499069,7.0,0.0,-32.924440035495714
170318439002,41.77606742400047,-87.59015590999968,0.0,138.0,0.0,0.0,0.0,0.0,4.0,0.0,-17.69248120300752
170316103001,41.81570159900048,-87.66996322299968,0.0,183.0,0.0,0.0,0.0,37.13499069,7.0,0.0,-18.07444003549572
170316718001,41.76501272200045,-87.65560003099966,0.0,248.0,0.0,0.0,0.0,-64.62635803,3.0,0.0,-42.10121118243283
170312309001,41.9082885950005,-87.70911084499966,0.0,201.0,0.0,0.0,0.0,30.92739868,4.0,0.0,-23.717520108876844
170318439001,41.77975242400049,-87.59142041099966,0.0,290.0,0.0,0.0,0.0,0.0,26.0,0.0,-23.951127819548873
170312510001,41.89684705500048,-87.74635002499969,0.0,258.0,0.0,0.0,0.0,-18.88125992,12.0,0.0,-31.768391551436736
170318429003,41.8631694340005,-87.65669709099967,0.0,377.0,0.0,0.0,0.0,0.0,9.0,0.0,-49.78308270676692
170312603001,41.88460805200049,-87.73402087399967,0.0,413.0,0.0,0.0,0.0,5.22762346,2.0,0.0,-59.867323274814936
170318436001,41.80718969300045,-87.60655776399966,0.0,202.0,0.0,0.0,0.0,0.0,8.0,0.0,-24.284962406015033
170316711001,41.77706213300047,-87.66287323299969,0.0,298.0,0.0,0.0,0.0,9.14422131,10.0,0.0,-36.16855391449555
170312514001,41.89425265000045,-87.76787376099969,0.0,128.0,0.0,0.0,0.0,13.98475456,3.0,0.0,-15.395661615433937
170316814003,41.759489835000466,-87.64671708999964,0.0,226.0,0.0,0.0,0.0,-3.37158585,6.0,0.0,-29.762097867634207
170312514003,41.8947435230005,-87.77148040299966,0.0,167.0,0.0,0.0,0.0,13.98475456,4.0,0.0,-20.49378191618581
170318346004,41.79175368800048,-87.63037545999964,0.0,291.0,0.0,0.0,0.0,0.0,20.0,0.0,-28.6124060150376
170312514002,41.891562072000454,-87.76648410999968,0.0,111.0,0.0,0.0,0.0,13.98475456,2.0,0.0,-13.597541314682053
170314312001,41.75356702400046,-87.56716726899964,0.0,249.0,0.0,0.0,0.0,11.89201927,8.0,0.0,-30.01801675042256
170314207002,41.77599051100049,-87.60586754699966,0.0,171.0,0.0,0.0,0.0,24.97336006,2.0,0.0,-21.380641480795013
170318346003,41.78340198800049,-87.62893392399968,0.0,221.0,0.0,0.0,0.0,0.0,15.0,0.0,-21.8718045112782
170317005011,41.7455103530005,-87.68274778999967,0.0,154.0,0.0,0.0,0.0,31.2435894,2.0,0.0,-18.136263923762897
170314906001,41.72071895100049,-87.62988365999968,0.0,347.0,0.0,0.0,0.0,-22.31299782,2.0,0.0,-53.01722596363001
170318436002,41.8092195480005,-87.61138529899966,0.0,180.0,0.0,0.0,0.0,0.0,4.0,0.0,-23.992481203007518
170312804001,41.8862489010005,-87.67435687399967,0.0,305.0,0.0,0.0,0.0,98.7841568,8.0,0.0,-28.79541015795302
170318346002,41.785243334000484,-87.63727990199965,0.0,136.0,0.0,0.0,0.0,0.0,3.0,0.0,-18.144360902255638
170315002001,41.7045003020005,-87.60395269299966,0.0,259.0,0.0,0.0,0.0,47.97054672,7.0,0.0,-28.274489201608667
170314207001,41.778310054000485,-87.60590787699965,0.0,154.0,0.0,0.0,0.0,24.97336006,4.0,0.0,-17.32688208229877
170312607001,41.878854170000466,-87.72852004999964,0.0,520.0,0.0,0.0,0.0,17.98982239,5.0,0.0,-72.2483731106254
170317005013,41.74978301400046,-87.69486979499965,0.0,118.0,0.0,0.0,0.0,31.2435894,3.0,0.0,-11.984384224514779
170318380002,41.87848092900049,-87.67904469699965,0.0,189.0,0.0,0.0,0.0,0.0,13.0,0.0,-18.575563909774434
170315702001,41.811432314000456,-87.73068980899967,0.0,194.0,0.0,0.0,0.0,4.01329088,14.0,0.0,-18.12924446744769
170312607002,41.87613762800049,-87.73017109999967,0.0,440.0,0.0,0.0,0.0,17.98982239,12.0,0.0,-54.98521521588856
170315603001,41.807090633000485,-87.74327187799969,0.0,101.0,0.0,0.0,0.0,9.73143101,3.0,0.0,-11.81668304954246
170318422001,41.90472919600046,-87.64814707199969,0.0,639.0,0.0,0.0,0.0,0.0,34.0,0.0,-70.28609022556391
170310621003,41.940187213000456,-87.64928667899966,0.0,277.0,0.0,0.0,0.0,37.69240952,6.0,0.0,-32.86459007472168
170318421001,41.900332807000495,-87.73849559599967,0.0,190.0,0.0,0.0,0.0,0.0,4.0,0.0,-25.492481203007518
170314907003,41.70980805300047,-87.63274106399967,0.0,178.0,0.0,0.0,0.0,34.62749863,3.0,0.0,-20.60964344599872
170314312002,41.75890332400047,-87.57148000099966,0.0,209.0,0.0,0.0,0.0,11.89201927,5.0,0.0,-26.273655848166925
170316903002,41.76624220700046,-87.63220409999968,0.0,358.0,0.0,0.0,0.0,-9.5143795,17.0,0.0,-41.97168625342426
170318421002,41.89698681600049,-87.73723592499965,0.0,104.0,0.0,0.0,0.0,0.0,2.0,0.0,-14.09624060150376
170316903001,41.76992645500047,-87.62672554499966,0.0,184.0,0.0,0.0,0.0,-9.5143795,9.0,0.0,-21.88672384740922
170312601001,41.882998314000474,-87.72300045099968,0.0,376.0,0.0,0.0,0.0,25.41510773,9.0,0.0,-46.81856357830623
170316707001,41.783103560000484,-87.66746991099967,0.0,178.0,0.0,0.0,0.0,-6.73574591,3.0,0.0,-25.19029068187912
170312609001,41.87129804400047,-87.72032715699964,0.0,173.0,0.0,0.0,0.0,10.52059364,0.0,0.0,-24.784928722037655
170312609002,41.873428599000476,-87.72432314899964,0.0,177.0,0.0,0.0,0.0,10.52059364,4.0,0.0,-22.377409925045168
170318339001,41.73254026800049,-87.54032690999969,0.0,261.0,0.0,0.0,0.0,0.0,4.0,0.0,-36.14248120300753
170318380001,41.88062302500049,-87.68146187299965,0.0,165.0,0.0,0.0,0.0,0.0,6.0,0.0,-20.23872180451128
170310812012,41.896718534000456,-87.62802131799964,0.0,354.0,0.0,0.0,0.0,-8.49815845,5.0,0.0,-50.28170432214256
170316813002,41.76015009300045,-87.63457780099964,0.0,201.0,0.0,0.0,0.0,-18.72115517,3.0,0.0,-29.9675785290552
170316813001,41.759580866000476,-87.63845407699966,0.0,223.0,0.0,0.0,0.0,-18.72115517,6.0,0.0,-31.01193943131084
170318339002,41.73152165100049,-87.54563431999969,0.0,206.0,0.0,0.0,0.0,0.0,6.0,0.0,-26.38872180451128
170316909005,41.76363113600047,-87.61395426099966,0.0,206.0,0.0,0.0,0.0,19.48962784,4.0,0.0,-25.73416139791339
170313802001,41.823847189000446,-87.61378762999965,0.0,53.0,0.0,0.0,0.0,29.1135788,3.0,0.0,-2.4702657970507658
170312520001,41.88527176600047,-87.76987412199969,0.0,191.0,0.0,0.0,0.0,-3.75286627,3.0,0.0,-26.80996071067203
170312520002,41.88345808800045,-87.76817723399967,0.0,353.0,0.0,0.0,0.0,-3.75286627,4.0,0.0,-50.358081011423906
170312520003,41.88390976900047,-87.76990753799964,0.0,261.0,0.0,0.0,0.0,-3.75286627,6.0,0.0,-35.05432161292767
170313403001,41.84424483400045,-87.63651780599969,0.0,71.0,0.0,0.0,0.0,-48.1561203,1.0,0.0,-15.231023988459519
170318425001,41.77390649600045,-87.62275832799969,0.0,667.0,0.0,0.0,0.0,0.0,25.0,0.0,-81.253007518797
170318386001,41.86829101800049,-87.70423545699964,0.0,152.0,0.0,0.0,0.0,0.0,4.0,0.0,-19.792481203007515
170312312001,41.900791849000484,-87.71766423399964,0.0,310.0,0.0,0.0,0.0,-4.79561186,3.0,0.0,-44.77543641277612
170314610001,41.72952013800045,-87.54564699499969,0.0,314.0,0.0,0.0,0.0,53.31266022,22.0,0.0,-24.65469753348487
170312312002,41.895487896000475,-87.71945026999964,0.0,298.0,0.0,0.0,0.0,-4.79561186,1.0,0.0,-44.47919581127237
170313903002,41.81680991400049,-87.60580301999966,0.0,294.0,0.0,0.0,0.0,78.25047302,6.0,0.0,-30.923110174389457
170312713001,41.88076998000048,-87.70613870499966,0.0,490.0,0.0,0.0,0.0,3.39339185,24.0,0.0,-55.07909631549805
170312426001,41.9038430920005,-87.69331997499967,0.0,145.0,0.0,0.0,0.0,56.0958786,4.0,0.0,-12.530313030250042
170312312003,41.89539767800045,-87.72282784599969,0.0,229.0,0.0,0.0,0.0,-4.79561186,2.0,0.0,-33.37731611202424
170314402011,41.74812948900046,-87.60518770099969,0.0,273.0,0.0,0.0,0.0,-13.96255207,5.0,0.0,-38.736842043072805
170312312004,41.89917174100049,-87.72247385799966,0.0,265.0,0.0,0.0,0.0,-4.79561186,1.0,0.0,-39.529195811272366
170314208001,41.780432557000495,-87.60166978499967,0.0,285.0,0.0,0.0,0.0,34.44001389,8.0,0.0,-32.921007379436965
170312312005,41.89543834800048,-87.72520130899966,0.0,316.0,0.0,0.0,0.0,-4.79561186,5.0,0.0,-44.171677014279894
170313907002,41.809107019000464,-87.59178421399969,0.0,105.0,0.0,0.0,0.0,-4.76755667,7.0,0.0,-11.014810728740455
170312801001,41.881823641000494,-87.64666896899968,0.0,147.0,0.0,0.0,0.0,-4.53460312,7.0,0.0,-17.289012993413763
170318331001,41.87892613200046,-87.64841995499967,0.0,310.0,0.0,0.0,0.0,0.0,8.0,0.0,-40.484962406015036
170316911004,41.76301120900047,-87.63090432599967,0.0,235.0,0.0,0.0,0.0,-10.14814854,5.0,0.0,-32.61442747718133
170314208002,41.775607617000446,-87.60342463899968,0.0,249.0,0.0,0.0,0.0,34.44001389,5.0,0.0,-29.77664647718132
170317110001,41.74008886600046,-87.64983746899969,0.0,146.0,0.0,0.0,0.0,7.31908226,2.0,0.0,-19.585711004604534
170317110002,41.740229445000466,-87.64378683799964,0.0,353.0,0.0,0.0,0.0,7.31908226,5.0,0.0,-48.380071906860174
170317110003,41.7394230590005,-87.64981216599966,0.0,175.0,0.0,0.0,0.0,7.31908226,5.0,0.0,-21.680071906860174
170316911003,41.761652151000476,-87.63331104999969,0.0,139.0,0.0,0.0,0.0,-10.14814854,3.0,0.0,-19.718186875677567
170316720004,41.7594330120005,-87.66376928899967,0.0,109.0,0.0,0.0,0.0,11.06044006,7.0,0.0,-9.861987170600923
170316113002,41.802070106000485,-87.66603739899966,0.0,107.0,0.0,0.0,0.0,49.5824852,5.0,0.0,-6.799739355365154
170318342001,41.75159785700049,-87.57904127499967,0.0,260.0,0.0,0.0,0.0,0.0,4.0,0.0,-35.99248120300752
170318424003,41.74707943600049,-87.63569794299968,0.0,202.0,0.0,0.0,0.0,0.0,10.0,0.0,-22.781203007518794
170312521024,41.87929833700048,-87.76324158799969,0.0,419.0,0.0,0.0,0.0,-7.00599241,8.0,0.0,-57.61081981576032
170318342003,41.75396118700047,-87.58209366899968,0.0,321.0,0.0,0.0,0.0,0.0,6.0,0.0,-43.638721804511285
170312521021,41.87840301400047,-87.75808973599965,0.0,454.0,0.0,0.0,0.0,-7.00599241,9.0,0.0,-62.1089401165122
170313201001,41.88447859100046,-87.62503922399969,0.0,1108.0,0.0,0.0,0.0,23.16266251,12.0,0.0,-154.6123647042606
170312521023,41.87367207200049,-87.76459139499968,0.0,282.0,0.0,0.0,0.0,-7.00599241,8.0,0.0,-37.060819815760325
170318340001,41.7331498260005,-87.63068769799969,0.0,267.0,0.0,0.0,0.0,0.0,5.0,0.0,-36.2906015037594
170318340002,41.72233911800049,-87.62750739999967,0.0,383.0,0.0,0.0,0.0,0.0,16.0,0.0,-45.419924812030075
170318343001,41.74500696400048,-87.59412738199967,0.0,155.0,0.0,0.0,0.0,0.0,0.0,0.0,-23.25
170312305001,41.9104514280005,-87.73119317399966,0.0,170.0,0.0,0.0,0.0,-16.48343277,5.0,0.0,-23.5660093409687
170317107004,41.74484992800046,-87.65967220399966,0.0,148.0,0.0,0.0,0.0,-2.96325302,1.0,0.0,-21.776276781372037
170312712001,41.877969865000466,-87.70481640999964,0.0,383.0,0.0,0.0,0.0,37.07405853,11.0,0.0,-45.07366898601154
170318434001,41.849037112000474,-87.73059053099968,0.0,357.0,0.0,0.0,0.0,0.0,12.0,0.0,-44.52744360902256
170318343002,41.75464564300046,-87.59316709699965,0.0,315.0,0.0,0.0,0.0,0.0,16.0,0.0,-35.21992481203007
170315306001,41.67595055600049,-87.61540728799969,0.0,189.0,0.0,0.0,0.0,-9.57232571,6.0,0.0,-24.89878002267296
170316607002,41.76964143800046,-87.67958362399969,0.0,218.0,0.0,0.0,0.0,-2.14165998,5.0,0.0,-29.177773151599936
170313008002,41.84604153300046,-87.70990595399968,0.0,162.0,0.0,0.0,0.0,20.9108696,5.0,0.0,-18.224890584601035
170316607001,41.77540381900047,-87.68215799299969,0.0,253.0,0.0,0.0,0.0,-2.14165998,5.0,0.0,-34.427773151599936
170317202001,41.720304961000465,-87.66696964799968,0.0,69.0,0.0,0.0,0.0,19.80319405,2.0,0.0,-6.653195856210294
170318415001,41.86295781400048,-87.70893629399967,0.0,342.0,0.0,0.0,0.0,0.0,5.0,0.0,-47.540601503759405
170313812002,41.80688767000049,-87.61140482699966,0.0,232.0,0.0,0.0,0.0,67.09068298,7.0,0.0,-22.10708762242816
170316121001,41.800592880000465,-87.64884074499969,0.0,262.0,0.0,0.0,0.0,33.62971497,7.0,0.0,-30.312621178352856
170313302002,41.86189698400045,-87.62822245399968,0.0,196.0,0.0,0.0,0.0,-4.66537094,15.0,0.0,-18.638456885586063
170318415002,41.85747181500045,-87.70902327199968,0.0,397.0,0.0,0.0,0.0,0.0,8.0,0.0,-53.53496240601504
170317109001,41.74697259800047,-87.64236031199965,0.0,222.0,0.0,0.0,0.0,43.44378281,6.0,0.0,-23.977671659439295
170317109002,41.74027956700047,-87.64253959999968,0.0,223.0,0.0,0.0,0.0,43.44378281,10.0,0.0,-21.120152862446815
170317104005,41.757331612000485,-87.67330368799969,0.0,148.0,0.0,0.0,0.0,-4.1372242,4.0,0.0,-19.650645566241188
170316720002,41.76315178700048,-87.66979383799969,0.0,154.0,0.0,0.0,0.0,11.06044006,2.0,0.0,-20.371385666841526
170315801002,41.82529763000048,-87.68741380899968,0.0,126.0,0.0,0.0,0.0,-10.80773735,7.0,0.0,-14.83371224369062
170318373002,41.87278183000046,-87.70686447399964,0.0,264.0,0.0,0.0,0.0,0.0,5.0,0.0,-35.840601503759395
170318373001,41.86980490600047,-87.70573745399969,0.0,403.0,0.0,0.0,0.0,0.0,8.0,0.0,-54.43496240601503
170316610004,41.764633621000485,-87.68643048299964,0.0,200.0,0.0,0.0,0.0,-10.72794628,3.0,0.0,-28.93239482030658
170314602002,41.741597699000465,-87.54715085499964,0.0,248.0,0.0,0.0,0.0,17.18678284,6.0,0.0,-30.785423594101538
170318359001,41.82250006200047,-87.62160771699968,0.0,227.0,0.0,0.0,0.0,0.0,9.0,0.0,-27.283082706766915
170318344002,41.77693883900048,-87.59172559299964,0.0,166.0,0.0,0.0,0.0,0.0,4.0,0.0,-21.89248120300752
170316720001,41.76437896700048,-87.66505680799969,0.0,225.0,0.0,0.0,0.0,11.06044006,3.0,0.0,-30.269505967593403
170314202001,41.78125989600045,-87.59470769799964,0.0,173.0,0.0,0.0,0.0,-0.17830025,12.0,0.0,-16.947188930174278
170312521011,41.87811955300049,-87.76807771499966,0.0,346.0,0.0,0.0,0.0,6.22744036,22.0,0.0,-34.66900759550039
170316117002,41.79702364800045,-87.67312557399964,0.0,157.0,0.0,0.0,0.0,49.12397385,3.0,0.0,-15.854275204581217
170318330002,41.8823481230005,-87.66525027399967,0.0,444.0,0.0,0.0,0.0,0.0,9.0,0.0,-59.83308270676691
170315303003,41.67770794500046,-87.65184650899965,0.0,117.0,0.0,0.0,0.0,-14.16089058,5.0,0.0,-15.358806440636473
170318344003,41.7768015150005,-87.59999830199968,0.0,213.0,0.0,0.0,0.0,0.0,4.0,0.0,-28.94248120300752
170316610003,41.76229916000045,-87.68444500299967,0.0,122.0,0.0,0.0,0.0,-10.72794628,2.0,0.0,-17.9842745195547
170315303001,41.6806074480005,-87.64567493799967,0.0,206.0,0.0,0.0,0.0,-14.16089058,8.0,0.0,-26.45316734289212
170312504005,41.91207268900047,-87.78145340299966,0.0,152.0,0.0,0.0,0.0,15.61684418,11.0,0.0,-12.799883199743542
170318419002,41.8671481290005,-87.64561464099967,0.0,919.0,0.0,0.0,0.0,0.0,24.0,0.0,-119.80488721804514
170316713001,41.77498652200046,-87.67261034599966,0.0,270.0,0.0,0.0,0.0,-7.072402,4.0,0.0,-38.27569294165647
170318355002,41.80989554300049,-87.62979342799969,0.0,197.0,0.0,0.0,0.0,0.0,13.0,0.0,-19.775563909774434
170316713002,41.76851242800046,-87.66944228999967,0.0,137.0,0.0,0.0,0.0,-7.072402,1.0,0.0,-20.581332039400824
170315303002,41.679589072000454,-87.64693754599966,0.0,111.0,0.0,0.0,0.0,-14.16089058,2.0,0.0,-16.714445538380833
170316713003,41.76923007300047,-87.67245791299968,0.0,149.0,0.0,0.0,0.0,-7.072402,3.0,0.0,-20.87757264090459
170318323001,41.91797416200046,-87.66806965699965,0.0,350.0,0.0,0.0,0.0,0.0,24.0,0.0,-34.454887218045116
170318360003,41.8136435020005,-87.61155567399965,0.0,148.0,0.0,0.0,0.0,0.0,6.0,0.0,-17.68872180451128
170316112002,41.80767570000046,-87.66376009499965,0.0,312.0,0.0,0.0,0.0,26.06231499,7.0,0.0,-38.65064996905053
170315401012,41.65183790700047,-87.61584054599967,0.0,131.0,0.0,0.0,0.0,0.93113601,0.0,0.0,-19.546884162790697
170318391001,41.88425074000048,-87.63244574499964,0.0,2504.0,0.0,0.0,0.0,0.0,73.0,0.0,-320.71278195488725
170315401011,41.650957564000464,-87.60463114899966,0.0,267.0,0.0,0.0,0.0,0.93113601,0.0,0.0,-39.946884162790695
170315401013,41.6518736270005,-87.59829014199966,0.0,329.0,0.0,0.0,0.0,0.93113601,12.0,0.0,-40.22432777181325
170316111003,41.80324654000049,-87.65791445299965,0.0,84.0,0.0,0.0,0.0,14.35909081,1.0,0.0,-10.257966279710907
170315305031,41.66315837200045,-87.64548804299966,0.0,164.0,0.0,0.0,0.0,14.61532116,0.0,0.0,-22.98147052491694
170315305032,41.66986329700046,-87.63678632199964,0.0,367.0,0.0,0.0,0.0,14.61532116,2.0,0.0,-51.927711126420704
170314304003,41.76236362600048,-87.5882099809997,0.0,138.0,0.0,0.0,0.0,-12.4734211,1.0,0.0,-21.32945154106196
170318351003,41.78745917200047,-87.68512725199969,0.0,111.0,0.0,0.0,0.0,0.0,4.0,0.0,-13.642481203007517
170314607003,41.73631975300049,-87.54999685899969,0.0,212.0,0.0,0.0,0.0,9.64491367,5.0,0.0,-26.97250475182141
170318407001,41.853693483000484,-87.69755000199967,0.0,98.0,0.0,0.0,0.0,0.0,4.0,0.0,-11.692481203007521
170314607001,41.73535990200048,-87.54304744799964,0.0,214.0,0.0,0.0,0.0,9.64491367,4.0,0.0,-28.02438445106953
170318351001,41.79182977700049,-87.68767725199967,0.0,250.0,0.0,0.0,0.0,0.0,14.0,0.0,-26.973684210526315
170315003001,41.68736203600048,-87.60674248099969,0.0,182.0,0.0,0.0,0.0,49.87802887,1.0,0.0,-21.024529063764057
170318407003,41.854729385000496,-87.69432706999964,0.0,194.0,0.0,0.0,0.0,0.0,8.0,0.0,-23.084962406015038
170316709002,41.7796282650005,-87.65467013899968,0.0,152.0,0.0,0.0,0.0,24.50040054,5.0,0.0,-16.327378852596606
170314313022,41.758993202000454,-87.56369979399966,0.0,285.0,0.0,0.0,0.0,5.69104433,3.0,0.0,-39.864123434924515
170314313021,41.76027526100046,-87.56312806399967,0.0,249.0,0.0,0.0,0.0,5.69104433,4.0,0.0,-33.712243735676395
170317102001,41.752689069000496,-87.64533780799968,0.0,231.0,0.0,0.0,0.0,4.09464884,4.0,0.0,-31.18903171906511
170314205002,41.78035983600046,-87.61065794899969,0.0,151.0,0.0,0.0,0.0,54.07803726,5.0,0.0,-12.901893058576674
170318403003,41.83081953600049,-87.67775725799964,0.0,103.0,0.0,0.0,0.0,0.0,2.0,0.0,-13.94624060150376
170318386002,41.8673019310005,-87.69831396499967,0.0,202.0,0.0,0.0,0.0,0.0,4.0,0.0,-27.292481203007515
170316811001,41.76936028200049,-87.64576760999967,0.0,180.0,0.0,0.0,0.0,25.04034615,3.0,0.0,-21.971343609896834
170315401022,41.65878040400048,-87.61060342499968,0.0,275.0,0.0,0.0,0.0,6.94728279,5.0,0.0,-36.72124571306173
170316812003,41.77261778200045,-87.63573008299966,0.0,236.0,0.0,0.0,0.0,1.33406615,7.0,0.0,-29.989104990091512
170312604001,41.88191772400046,-87.73606213199969,0.0,434.0,0.0,0.0,0.0,-8.43388939,2.0,0.0,-64.53022613749489
170315401021,41.6528184980005,-87.61140771899966,0.0,198.0,0.0,0.0,0.0,6.94728279,5.0,0.0,-25.17124571306173
170312513003,41.89480070600047,-87.77122662999966,0.0,116.0,0.0,0.0,0.0,-15.53002262,2.0,0.0,-17.616065919333217
170312513001,41.89948977100045,-87.76678715999964,0.0,120.0,0.0,0.0,0.0,-15.53002262,3.0,0.0,-17.464186220085097
170314313023,41.75701127700046,-87.55995372599966,0.0,274.0,0.0,0.0,0.0,5.69104433,0.0,0.0,-40.469762532668874
170318345001,41.78941502400045,-87.62764154699966,0.0,351.0,0.0,0.0,0.0,0.0,18.0,0.0,-39.11616541353384
170315302002,41.67875175300048,-87.63225364799968,0.0,202.0,0.0,0.0,0.0,-3.65798473,4.0,0.0,-27.69757364265314
170318438002,41.79957660700046,-87.64280601099966,0.0,182.0,0.0,0.0,0.0,0.0,7.0,0.0,-22.036842105263155
170313511001,41.82901131600045,-87.61676772799967,0.0,252.0,0.0,0.0,0.0,14.90205956,1.0,0.0,-35.39783685003205
170312606002,41.876100705000454,-87.73360339399966,0.0,243.0,0.0,0.0,0.0,-12.68510628,6.0,0.0,-33.34349547892989
170315302004,41.684569472000476,-87.62767908399968,0.0,265.0,0.0,0.0,0.0,-3.65798473,8.0,0.0,-34.140054845660664
170314004001,41.7921697000005,-87.61756781699967,0.0,266.0,0.0,0.0,0.0,6.76516151,5.0,0.0,-35.39141418260769
170316811005,41.76704995600045,-87.65296706699968,0.0,169.0,0.0,0.0,0.0,25.04034615,6.0,0.0,-18.06570451215247
170316119002,41.79551016500045,-87.65980701199965,0.0,151.0,0.0,0.0,0.0,11.43365765,9.0,0.0,-14.61689692049892
170313018032,41.84038232400047,-87.72928384299968,0.0,124.0,0.0,0.0,0.0,-3.64739442,5.0,0.0,-15.244521151599931
170316115002,41.80375013300045,-87.67581681499968,0.0,181.0,0.0,0.0,0.0,18.18559074,12.0,0.0,-16.1135354429096
170312718001,41.87102264900045,-87.69699114499969,0.0,345.0,0.0,0.0,0.0,29.73041534,5.0,0.0,-44.69819670420237
170315305014,41.67652208800047,-87.62620416899966,0.0,214.0,0.0,0.0,0.0,-18.33926964,2.0,0.0,-32.62716747193565
170315305011,41.67689658100045,-87.62857161499966,0.0,248.0,0.0,0.0,0.0,-18.33926964,7.0,0.0,-33.96776897569505
170314313013,41.75180757300046,-87.56299114099966,0.0,331.0,0.0,0.0,0.0,24.69081306,3.0,0.0,-44.660051593285544
170314913001,41.690722809000476,-87.62432940599967,0.0,239.0,0.0,0.0,0.0,-10.35513401,3.0,0.0,-34.741108854636586
170315305012,41.675437296000496,-87.63944010399968,0.0,183.0,0.0,0.0,0.0,-18.33926964,3.0,0.0,-27.225287772687537
170315302005,41.682667177000496,-87.62763674999968,0.0,212.0,0.0,0.0,0.0,-3.65798473,0.0,0.0,-32.205092439645625
170315305013,41.67411629500049,-87.62850844199966,0.0,99.0,0.0,0.0,0.0,-18.33926964,0.0,0.0,-16.880926870431896
170314005001,41.790100202000474,-87.62399754899968,0.0,309.0,0.0,0.0,0.0,8.13686943,5.0,0.0,-41.6895085436265
170316811004,41.77175126600048,-87.65182400299966,0.0,156.0,0.0,0.0,0.0,25.04034615,2.0,0.0,-19.123223309144954
170310818002,41.89816780500047,-87.63573499299969,0.0,502.0,0.0,0.0,0.0,23.82558823,21.0,0.0,-56.8720337100309
170318395001,41.83287952000046,-87.61811772699969,0.0,226.0,0.0,0.0,0.0,0.0,9.0,0.0,-27.133082706766924
170312715001,41.87359339000045,-87.71111005499966,0.0,335.0,0.0,0.0,0.0,-45.33010864,4.0,0.0,-52.26242678883255
170316719001,41.76185812800048,-87.66367266399965,0.0,229.0,0.0,0.0,0.0,38.88573074,9.0,0.0,-23.276800232791274
170317505003,41.684677939000494,-87.67024092399964,0.0,316.0,0.0,0.0,0.0,-16.73883438,17.0,0.0,-36.47173662773213
170317505004,41.684677939000494,-87.67015104499967,0.0,288.0,0.0,0.0,0.0,-16.73883438,10.0,0.0,-37.53489452246897
170312315005,41.88852120100046,-87.72338415999968,0.0,450.0,0.0,0.0,0.0,-34.93770218,2.0,0.0,-69.86531061036311
170317102002,41.753329737000456,-87.64657766399966,0.0,185.0,0.0,0.0,0.0,4.09464884,0.0,0.0,-27.296550516057586
170312315006,41.8948115070005,-87.72601366699968,0.0,634.0,0.0,0.0,0.0,-34.93770218,4.0,0.0,-95.96155121186686
170312502001,41.91338994300048,-87.75277331499967,0.0,152.0,0.0,0.0,0.0,11.87698174,5.0,0.0,-17.725321133881213
170312315001,41.89224191900047,-87.71372342999967,0.0,526.0,0.0,0.0,0.0,-34.93770218,3.0,0.0,-80.513430911115
170316120002,41.80052644500046,-87.65135171099968,0.0,192.0,0.0,0.0,0.0,-0.58677006,6.0,0.0,-24.353701877600976
170312315003,41.890428227000484,-87.71720101599965,0.0,75.0,0.0,0.0,0.0,-34.93770218,0.0,0.0,-15.119070008859358
170312315004,41.89417083800049,-87.71622388099968,0.0,137.0,0.0,0.0,0.0,-34.93770218,2.0,0.0,-22.915310610363115
170316708001,41.782179417000464,-87.66066776499969,0.0,128.0,0.0,0.0,0.0,7.36788273,1.0,0.0,-17.632186443609026
170312925001,41.857289754000476,-87.72737681699965,0.0,188.0,0.0,0.0,0.0,36.83616638,4.0,0.0,-21.113171526374074
170316708002,41.78021229100045,-87.66183719599968,0.0,351.0,0.0,0.0,0.0,7.36788273,6.0,0.0,-47.322787947368425
170313514001,41.82642358100048,-87.62559000299967,0.0,221.0,0.0,0.0,0.0,-8.29654026,9.0,0.0,-27.301857929358285
170316118001,41.79890073000047,-87.66953301999968,0.0,229.0,0.0,0.0,0.0,19.39045525,6.0,0.0,-27.691384567523453
170317113002,41.732599035000476,-87.66543705999965,0.0,79.0,0.0,0.0,0.0,-49.66582489,1.0,0.0,-16.598211650696513
170314914003,41.690999357000464,-87.61960735599968,0.0,270.0,0.0,0.0,0.0,22.88876724,11.0,0.0,-29.69457610561287
170314914002,41.68893331600049,-87.62202023399965,0.0,315.0,0.0,0.0,0.0,22.88876724,7.0,0.0,-39.45209490260535
170312410001,41.91029224500045,-87.69307172899966,0.0,135.0,0.0,0.0,0.0,30.06805229,0.0,0.0,-16.920204619047617
170317305003,41.70869955800049,-87.63683742599966,0.0,154.0,0.0,0.0,0.0,6.84062862,6.0,0.0,-17.83117710683686
170317305004,41.71417491800048,-87.63932996399967,0.0,236.0,0.0,0.0,0.0,6.84062862,8.0,0.0,-28.627417708340623
170316911002,41.76038170100048,-87.63205430399967,0.0,131.0,0.0,0.0,0.0,-10.14814854,6.0,0.0,-16.262547777933204
170314401021,41.745740955000485,-87.60135070699965,0.0,292.0,0.0,0.0,0.0,16.5127964,2.0,0.0,-40.467580978026454
170314911001,41.70610987400045,-87.63643038999965,0.0,90.0,0.0,0.0,0.0,0.38777146,2.0,0.0,-11.953298025645509
170314401023,41.743122550000464,-87.60258892599967,0.0,151.0,0.0,0.0,0.0,16.5127964,2.0,0.0,-19.317580978026463
170312606001,41.87787757300049,-87.73470071999964,0.0,346.0,0.0,0.0,0.0,-12.68510628,2.0,0.0,-51.80101427592237
170316715002,41.76653949600046,-87.66998742099969,0.0,245.0,0.0,0.0,0.0,12.11794376,8.0,0.0,-29.39299742705601
170318371001,41.88429347900046,-87.70442105899969,0.0,179.0,0.0,0.0,0.0,0.0,5.0,0.0,-23.090601503759395
170316609003,41.76968983500046,-87.68831791999969,0.0,317.0,0.0,0.0,0.0,-4.10883331,20.0,0.0,-32.96742631514833
170316715001,41.77132621800047,-87.66637175099964,0.0,177.0,0.0,0.0,0.0,12.11794376,2.0,0.0,-23.70427562254473
170312605001,41.87460163600048,-87.73766323699965,0.0,668.0,0.0,0.0,0.0,-0.52212101,12.0,0.0,-91.23526431887858
170312511004,41.90224257300048,-87.75485067199969,0.0,226.0,0.0,0.0,0.0,0.59302562,4.0,0.0,-30.826808376872417
170316715003,41.767159423000464,-87.66632777399968,0.0,438.0,0.0,0.0,0.0,12.11794376,7.0,0.0,-59.09487712630412
170312511003,41.8970999390005,-87.75444737399965,0.0,271.0,0.0,0.0,0.0,0.59302562,4.0,0.0,-37.57680837687242
170316703001,41.78832914500049,-87.66811726799966,0.0,145.0,0.0,0.0,0.0,-0.65474451,5.0,0.0,-18.063109201433818
170318348003,41.78621125100045,-87.64492413899967,0.0,86.0,0.0,0.0,0.0,0.0,3.0,0.0,-10.644360902255638
170314913003,41.6870677710005,-87.63047106899967,0.0,101.0,0.0,0.0,0.0,-10.35513401,2.0,0.0,-14.79298855388471
170317108005,41.749412177000465,-87.65010548299966,0.0,135.0,0.0,0.0,0.0,2.01393652,4.0,0.0,-17.019453902896775
170312705001,41.871763435000446,-87.71681093299969,0.0,541.0,0.0,0.0,0.0,86.852005,12.0,0.0,-62.50928137203474
170317108004,41.751049372000466,-87.64890757699965,0.0,199.0,0.0,0.0,0.0,2.01393652,2.0,0.0,-28.123213301393015
170318348001,41.7866110920005,-87.64732434299964,0.0,197.0,0.0,0.0,0.0,0.0,3.0,0.0,-27.294360902255637
170317108002,41.74874215500046,-87.64402051299965,0.0,105.0,0.0,0.0,0.0,2.01393652,2.0,0.0,-14.023213301393017
170312511002,41.89770258200048,-87.74847048799967,0.0,234.0,0.0,0.0,0.0,0.59302562,1.0,0.0,-34.28244747461677
170312511001,41.89958969100047,-87.74913737699967,0.0,129.0,0.0,0.0,0.0,0.59302562,2.0,0.0,-17.780567775368656
170312519002,41.88515192900047,-87.75641431899965,0.0,540.0,0.0,0.0,0.0,-5.13370752,7.0,0.0,-76.30535899562861
170312311001,41.9013921880005,-87.71647392599965,0.0,231.0,0.0,0.0,0.0,23.04500961,6.0,0.0,-27.58667201381361
170312515004,41.89277196900048,-87.76339368899966,0.0,265.0,0.0,0.0,0.0,24.57015419,4.0,0.0,-34.02153389514484
170312515003,41.892961854000475,-87.76112679999966,0.0,225.0,0.0,0.0,0.0,24.57015419,2.0,0.0,-29.525293293641077
170312515002,41.88779756800045,-87.75664131799965,0.0,171.0,0.0,0.0,0.0,24.57015419,1.0,0.0,-22.1771729928892
170312515001,41.891184791000455,-87.75850473899965,0.0,216.0,0.0,0.0,0.0,24.57015419,4.0,0.0,-26.671533895144844
170316904003,41.76915423800045,-87.62433015899967,0.0,252.0,0.0,0.0,0.0,3.6050272,9.0,0.0,-30.63385488838375
170312922001,41.85621928500046,-87.71391701299967,0.0,222.0,0.0,0.0,0.0,15.0761385,2.0,0.0,-30.126679305822694
170316705001,41.78861951900046,-87.67660727999964,0.0,248.0,0.0,0.0,0.0,-10.26888847,16.0,0.0,-26.307121763303613
170313206001,41.86812005100046,-87.62586770299964,0.0,250.0,0.0,0.0,0.0,41.49205399,13.0,0.0,-23.130652061490935
170316809001,41.77312729200048,-87.64257679499968,0.0,395.0,0.0,0.0,0.0,48.77373886,1.0,0.0,-53.09682031625575
170316904002,41.769080277000455,-87.61691332099969,0.0,188.0,0.0,0.0,0.0,3.6050272,6.0,0.0,-23.289493986128114
170316805002,41.78694755800046,-87.65252113299965,0.0,232.0,0.0,0.0,0.0,31.82738495,4.0,0.0,-28.267853855277725
170312307003,41.9045497190005,-87.72243447699964,0.0,218.0,0.0,0.0,0.0,6.92865181,11.0,0.0,-23.662030749023728
170310101002,42.02258016900049,-87.67546214399965,0.0,351.0,0.0,0.0,0.0,0.0,1.0,0.0,-51.898120300751884
170315304001,41.67236540200048,-87.64368986399967,0.0,171.0,0.0,0.0,0.0,10.59207153,8.0,0.0,-18.46197552561637
170316809004,41.77803221000045,-87.63911269599964,0.0,343.0,0.0,0.0,0.0,48.77373886,11.0,0.0,-37.77802332377455
170312307004,41.909862612000495,-87.72567028699967,0.0,171.0,0.0,0.0,0.0,6.92865181,5.0,0.0,-21.123308944512445
170314401011,41.750341870000454,-87.60026400099969,0.0,341.0,0.0,0.0,0.0,-1.55655324,2.0,0.0,-49.81861637559014
170318366001,41.89821995700049,-87.70300720899968,0.0,415.0,0.0,0.0,0.0,0.0,18.0,0.0,-48.71616541353384
170314401014,41.749040574000446,-87.60150903499965,0.0,439.0,0.0,0.0,0.0,-1.55655324,4.0,0.0,-63.01485697709389
170312714001,41.87728760600049,-87.71108124799969,0.0,316.0,0.0,0.0,0.0,10.81861877,10.0,0.0,-38.68312783919101
170312922003,41.8582519090005,-87.71882342899966,0.0,163.0,0.0,0.0,0.0,15.0761385,2.0,0.0,-21.2766793058227
170314302004,41.768643528000496,-87.58278625199966,0.0,190.0,0.0,0.0,0.0,-6.63792562,0.0,0.0,-29.23509696788483
170314302003,41.769322256000464,-87.58438325299966,0.0,194.0,0.0,0.0,0.0,-6.63792562,7.0,0.0,-24.571939073147984
170316603023,41.78305169400045,-87.69956419099964,0.0,118.0,0.0,0.0,0.0,3.59307408,1.0,0.0,-16.55021619443959
170312302001,41.910801722000485,-87.71004419399969,0.0,187.0,0.0,0.0,0.0,56.10038757,8.0,0.0,-15.822294901031643
170317004023,41.73804526200047,-87.70225736799966,0.0,162.0,0.0,0.0,0.0,24.69398499,7.0,0.0,-16.302181530512325
170312503001,41.91153111600045,-87.75692362799964,0.0,92.0,0.0,0.0,0.0,-12.55416393,2.0,0.0,-13.686513461968875
170312518001,41.88171352000046,-87.75202066799966,0.0,423.0,0.0,0.0,0.0,17.47261238,2.0,0.0,-60.01128906440519
170314909022,41.70480830200046,-87.62050383099967,0.0,370.0,0.0,0.0,0.0,8.47916508,15.0,0.0,-43.282805056128694
170312809001,41.878590045000465,-87.68429471599967,0.0,250.0,0.0,0.0,0.0,33.61736298,7.0,0.0,-28.51398906207379
170313008001,41.851693121000494,-87.70915002399965,0.0,159.0,0.0,0.0,0.0,20.9108696,4.0,0.0,-18.526770283849157
170313301004,41.85072683800047,-87.61894075799967,0.0,522.0,0.0,0.0,0.0,58.86877823,18.0,0.0,-58.24692086979076
170312909001,41.86545136600046,-87.72754389799968,0.0,215.0,0.0,0.0,0.0,7.51495218,3.0,0.0,-29.16214028431544
170312608001,41.87894804400048,-87.72204059999967,0.0,561.0,0.0,0.0,0.0,11.39828968,6.0,0.0,-78.37645273695867
170312608002,41.87713087300045,-87.72180635199965,0.0,457.0,0.0,0.0,0.0,11.39828968,5.0,0.0,-63.5283324362068
170317501004,41.69395265500049,-87.65686062699967,0.0,216.0,0.0,0.0,0.0,4.47122955,5.0,0.0,-28.145448729673028
170317102005,41.75367477900045,-87.65385073799968,0.0,235.0,0.0,0.0,0.0,4.09464884,6.0,0.0,-30.285272320568865
170316702001,41.788497090000476,-87.66076607999969,0.0,373.0,0.0,0.0,0.0,-14.63598061,8.0,0.0,-51.55577974931514
170312512003,41.89667948400046,-87.76212088899968,0.0,162.0,0.0,0.0,0.0,0.89939588,2.0,0.0,-22.696639728857026
170316810004,41.779225590000465,-87.65202485099968,0.0,272.0,0.0,0.0,0.0,16.41242599,5.0,0.0,-35.223057097336365
170312909003,41.860962077000465,-87.73720347599965,0.0,199.0,0.0,0.0,0.0,7.51495218,4.0,0.0,-26.010260585067318
170316712001,41.77445106200048,-87.66650407299966,0.0,201.0,0.0,0.0,0.0,20.65861893,5.0,0.0,-24.102825321035148
170312909004,41.85967382700045,-87.73723299599965,0.0,248.0,0.0,0.0,0.0,7.51495218,3.0,0.0,-34.11214028431544
170316810002,41.77318101900045,-87.64465432699967,0.0,142.0,0.0,0.0,0.0,16.41242599,2.0,0.0,-17.978696195080722
170318368002,41.88437272400046,-87.70640556799964,0.0,381.0,0.0,0.0,0.0,0.0,7.0,0.0,-51.88684210526316
170316810001,41.77782840000049,-87.65253150399968,0.0,164.0,0.0,0.0,0.0,16.41242599,5.0,0.0,-19.02305709733636
170315103002,41.72247067000046,-87.57917431799967,0.0,325.0,0.0,0.0,0.0,3.30327296,21.0,0.0,-32.594715356764
170312518002,41.8856785210005,-87.75490137199967,0.0,332.0,0.0,0.0,0.0,17.47261238,6.0,0.0,-43.35377026741272
170318411001,41.85283217400047,-87.63778507399968,0.0,333.0,0.0,0.0,0.0,0.0,12.0,0.0,-40.92744360902255
170312518003,41.88534320700046,-87.74417017199966,0.0,280.0,0.0,0.0,0.0,17.47261238,10.0,0.0,-32.54625147042024
170312518004,41.88654964700049,-87.74787360599964,0.0,296.0,0.0,0.0,0.0,17.47261238,5.0,0.0,-38.70564996666084
170312518005,41.88509201000045,-87.75029339699967,0.0,255.0,0.0,0.0,0.0,17.47261238,1.0,0.0,-35.563168763653316
170318368001,41.886348720000456,-87.71251994999966,0.0,398.0,0.0,0.0,0.0,0.0,8.0,0.0,-53.68496240601503
170318412002,41.85388121400047,-87.68340096399965,0.0,180.0,0.0,0.0,0.0,0.0,20.0,0.0,-11.962406015037594
170316604003,41.77892767800046,-87.70833075099966,0.0,113.0,0.0,0.0,0.0,-2.85903764,2.0,0.0,-15.76285606551262
170315502002,41.652600718000485,-87.55080691299969,0.0,94.0,0.0,0.0,0.0,1.10416353,7.0,0.0,-8.714564859415983
170315202002,41.71152150100045,-87.53530741699967,0.0,76.0,0.0,0.0,0.0,-13.14785767,3.0,0.0,-10.600380577781662
170313106003,41.85507583000049,-87.65881927499964,0.0,110.0,0.0,0.0,0.0,37.78128433,7.0,0.0,-7.052868203823512
170310707002,41.93139347400046,-87.67712967999967,0.0,158.0,0.0,0.0,0.0,82.64195251,5.0,0.0,-10.788668778399492
170315101002,41.71148001400047,-87.55229681299966,0.0,181.0,0.0,0.0,0.0,0.85812968,17.0,0.0,-14.27301414046745
170318374001,41.8769291590005,-87.69376796699964,0.0,198.0,0.0,0.0,0.0,0.0,10.0,0.0,-22.1812030075188
170313904001,41.80857258900045,-87.60277749599965,0.0,128.0,0.0,0.0,0.0,14.03231907,2.0,0.0,-16.14227392708516
170318374002,41.8720312260005,-87.69471065699969,0.0,276.0,0.0,0.0,0.0,0.0,10.0,0.0,-33.881203007518806
170318324002,41.914828731000455,-87.68942398699966,0.0,103.0,0.0,0.0,0.0,0.0,6.0,0.0,-10.938721804511278
170310205001,41.99889136200045,-87.68256342499967,0.0,149.0,0.0,0.0,0.0,2.41281533,3.0,0.0,-19.827160976452763
170316701001,41.78747184700046,-87.65708416899969,0.0,138.0,0.0,0.0,0.0,-2.16354942,7.0,0.0,-15.67643783283791
170312925002,41.85420048700047,-87.72485792899965,0.0,169.0,0.0,0.0,0.0,36.83616638,3.0,0.0,-19.015051225622194
170315602003,41.810828607000474,-87.74569940999965,0.0,176.0,0.0,0.0,0.0,100.63091278,2.0,0.0,-13.75217495587807
170312306006,41.908399215000486,-87.73509710499968,0.0,244.0,0.0,0.0,0.0,26.73340225,8.0,0.0,-27.624452743778043
170312925004,41.851528346000464,-87.73476063899966,0.0,145.0,0.0,0.0,0.0,36.83616638,6.0,0.0,-13.159412127877834
170318356002,41.79814204200045,-87.62967202999965,0.0,422.0,0.0,0.0,0.0,0.0,16.0,0.0,-51.269924812030084
170312309002,41.903723254000454,-87.70771082299967,0.0,167.0,0.0,0.0,0.0,30.92739868,5.0,0.0,-17.86564040962872
170318370001,41.87827744600048,-87.69998858899964,0.0,264.0,0.0,0.0,0.0,0.0,7.0,0.0,-34.33684210526315
170318410001,41.850973180000494,-87.62700121099965,0.0,296.0,0.0,0.0,0.0,0.0,27.0,0.0,-24.099248120300757
